57 5 3 9 6 10 5
20 7 13 6 4 2 7 9 10
40 8 15 4 5 11 13 9 6 8
30 11 1 20 11 5 19 18 17 7 4 3 8
30 15 6 2 7 21 26 9 29 18 3 8 5 1 17 4 23
80 15 12 16 6 22 15 1 17 14 9 27 4 20 24 7 10
96 17 22 10 20 21 24 17 5 7 6 32 25 1 14 18 28 11 16
61 18 25 26 12 30 19 36 10 15 1 11 27 21 29 28 22 3 6 9
69 18 35 3 27 5 20 8 33 21 28 13 18 6 14 11 30 23 15 4
72 18 21 28 8 26 11 18 7 25 22 16 12 3 27 32 4 1 29 20
156 18 3 2 6 8 30 20 35 24 4 19 26 13 1 10 23 36 25 12
49 19 28 26 13 24 16 10 35 21 33 8 22 20 29 15 32 36 3 19 30
163 20 20 17 24 34 14 32 30 28 4 22 36 40 26 7 33 9 25 27 10 12
78 20 40 7 37 8 32 19 21 30 1 9 16 17 10 5 6 18 38 34 27 28
181 22 5 8 9 41 19 14 27 20 12 24 18 36 15 30 38 11 7 35 31 28 29 1
75 23 33 1 23 6 16 15 7 4 44 36 14 29 34 9 37 39 17 40 26 27 30 41 43
61 24 35 2 15 14 5 33 6 3 22 28 23 39 9 40 44 27 13 38 25 11 19 12 7 45
189 24 19 38 42 39 31 32 33 28 36 30 35 3 16 9 43 23 17 24 2 48 37 11 13 15
25 24 26 8 18 22 23 21 1 31 11 20 42 5 40 47 9 36 34 16 3 12 2 15 48 27
263 26 3 6 15 4 10 24 33 34 49 29 2 39 19 41 37 30 42 35 12 1 36 14 28 16 18 48
133 26 35 5 3 36 34 24 45 52 7 10 9 32 4 38 25 1 46 12 49 27 21 19 50 31 8 17
113 28 21 8 4 43 34 22 9 49 29 11 28 39 25 53 18 13 14 48 54 38 41 47 50 55 23 6 44 40
69 29 22 46 54 13 10 12 40 29 57 16 15 3 38 8 33 51 50 2 5 42 52 35 20 6 41 34 18 4 55
307 30 28 56 24 60 48 32 10 16 46 1 23 33 31 27 22 9 21 36 52 14 30 19 59 12 41 8 50 37 5 4
106 30 51 4 12 52 6 2 31 54 47 26 60 11 5 42 1 23 37 49 15 10 38 56 29 45 8 40 41 57 50 13
234 33 55 20 25 7 43 50 52 59 15 9 18 31 57 10 17 35 37 36 41 16 24 21 54 34 32 61 65 1 33 44 11 14 38
130 34 62 64 25 34 51 37 4 3 15 45 40 48 44 20 18 13 19 8 55 17 53 46 54 60 32 67 68 5 38 58 10 9 52 59
125 36 61 44 68 15 47 64 36 1 21 29 28 40 60 50 53 19 8 26 2 22 23 43 55 51 65 72 33 20 49 48 7 14 16 34 9 59
153 36 9 4 55 31 2 34 45 32 8 47 23 67 41 7 61 48 57 68 50 38 18 65 25 5 72 39 26 37 43 63 27 70 6 10 64 59
68 38 4 71 33 72 45 52 50 62 74 61 15 37 1 57 8 75 44 36 39 30 60 9 22 76 31 19 20 35 23 7 26 12 66 3 28 10 2 34
79 38 27 26 38 47 52 73 42 1 13 5 74 59 45 63 61 10 48 14 32 8 65 51 6 4 39 36 57 30 33 43 41 60 2 9 19 46 53 68
280 39 75 74 62 16 17 27 21 8 43 33 61 28 39 24 29 35 48 4 44 41 1 7 51 2 42 63 31 12 23 56 67 30 14 77 36 46 73 34 32
133 40 47 72 57 71 59 22 24 77 64 35 62 38 37 36 15 61 2 56 34 50 13 45 21 11 70 43 3 65 67 48 49 4 17 5 23 76 28 8 80 30
93 41 62 13 67 27 53 25 19 60 82 18 57 79 11 12 51 75 46 48 59 42 52 58 23 40 9 81 6 68 17 22 76 72 7 30 70 71 37 41 28 77 80
400 42 65 75 29 6 70 32 1 23 5 68 4 27 54 69 56 58 44 84 8 10 28 19 50 31 2 40 43 78 33 64 73 45 79 30 9 24 47 66 82 55 7 17
492 43 22 29 74 53 5 34 60 16 17 68 8 42 4 56 12 25 64 78 27 80 70 85 71 36 1 69 67 32 2 11 62 24 7 14 84 10 23 31 75 65 83 49 9
156 43 26 7 30 50 82 47 74 53 56 78 36 63 79 9 4 62 19 1 31 49 33 51 35 8 83 32 66 15 17 28 37 38 27 73 6 41 80 43 21 76 75 61 86
275 43 75 81 36 8 83 35 28 64 54 57 52 42 1 70 30 79 6 19 80 56 39 43 78 18 24 14 51 60 22 49 3 77 50 45 23 21 76 15 33 4 84 7 9
303 44 44 81 88 72 34 57 9 8 79 6 21 16 4 74 47 84 64 86 50 61 51 32 76 59 73 18 22 12 69 77 25 36 68 58 3 11 24 78 48 62 56 31 55 49
186 45 82 83 42 89 68 49 67 61 29 79 19 26 14 69 81 7 52 5 43 16 2 78 59 54 62 41 85 45 84 40 25 22 6 55 71 86 13 8 88 21 32 11 1 20 12
167 46 13 48 73 47 34 80 56 38 84 59 18 55 52 69 27 68 28 2 42 8 70 12 85 66 16 1 22 36 46 11 77 39 24 78 50 82 71 25 64 6 29 72 49 33 3 15
108 46 14 67 21 11 73 5 68 31 38 3 20 51 50 48 22 39 82 69 16 49 35 78 53 7 37 8 65 72 80 92 76 12 66 23 83 45 75 41 61 36 34 4 10 91 29 52
232 46 48 86 17 19 87 30 16 63 18 69 33 45 42 67 65 56 35 50 70 88 57 34 12 15 43 68 14 53 58 24 13 59 78 79 66 49 29 62 22 32 23 82 10 3 92 5
417 46 89 74 5 47 16 73 9 87 66 77 34 12 86 17 91 56 6 65 90 26 60 39 4 51 61 78 25 18 44 41 79 2 32 50 45 52 92 31 20 68 54 23 70 62 59 55
291 47 28 90 57 36 34 19 84 80 24 3 60 44 88 58 35 94 53 48 27 43 69 46 59 51 47 78 45 76 1 10 72 87 86 32 66 68 81 61 8 15 77 41 89 2 42 75 49
496 49 30 42 6 63 46 58 48 68 67 26 95 35 54 75 7 12 73 4 94 98 1 3 55 37 86 76 49 44 62 23 2 77 79 38 50 83 14 84 21 36 5 96 56 93 31 34 51 72 28
265 50 65 18 57 32 54 43 81 84 79 19 29 63 76 7 95 14 50 39 85 34 55 73 87 23 42 4 15 69 16 60 25 99 82 37 22 11 21 20 77 8 30 44 5 45 3 90 61 13 9 93
198 50 37 95 58 6 28 22 30 54 39 52 59 62 98 92 12 24 64 93 4 66 50 47 86 35 48 44 84 83 70 25 36 71 8 23 17 63 15 69 34 40 75 2 3 9 1 46 21 49 20 11
298 51 52 21 38 27 35 86 18 59 16 60 83 76 11 68 81 34 4 78 51 85 71 82 69 22 50 40 61 2 33 23 43 72 62 29 46 9 28 17 37 100 13 91 63 92 55 47 48 90 80 44 6
207 52 97 22 26 72 18 50 35 57 56 100 82 12 6 81 85 54 59 47 20 95 69 80 73 48 94 67 74 17 29 96 87 71 98 41 70 61 15 51 103 38 8 60 14 45 1 44 63 99 62 49 16 3
116 53 102 70 61 5 21 87 71 101 16 11 98 77 41 51 13 92 7 106 94 53 57 14 81 104 33 6 105 85 89 80 28 27 24 40 52 12 25 97 18 86 8 3 54 100 37 79 58 78 29 72 96 4 83
197 54 31 58 97 5 3 34 82 86 60 37 13 20 33 64 101 17 43 25 28 75 78 61 79 41 71 39 1 24 77 89 63 16 23 62 40 19 42 6 69 59 36 104 4 108 18 65 88 15 30 76 8 2 94 29
290 56 58 56 4 8 48 17 99 20 54 61 11 60 15 22 27 104 32 33 30 77 71 107 82 96 36 3 110 6 43 26 28 40 68 39 16 90 98 62 85 38 76 46 31 86 93 72 7 100 67 73 97 64 66 42 74 91
184 56 27 52 106 41 17 89 101 69 76 8 94 95 54 35 44 73 77 86 21 34 16 68 23 58 24 87 5 66 93 50 104 102 33 67 42 26 65 20 78 80 49 99 81 9 18 79 103 100 70 1 90 110 39 98 2 112
176 56 55 34 42 79 37 39 12 56 98 103 67 15 75 5 97 80 27 66 52 1 73 99 54 16 105 31 85 62 109 96 4 50 43 40 92 68 21 71 93 44 13 48 3 36 94 2 35 41 29 23 26 95 106 33 6 47
104 58 34 31 100 15 59 85 46 4 10 83 19 44 7 9 13 65 47 71 29 50 42 52 1 28 105 33 6 66 113 14 79 103 27 64 92 90 72 5 80 43 96 81 106 97 55 22 75 107 68 37 98 56 87 12 102 21 20 49
123 58 42 31 32 105 3 34 108 107 92 106 16 75 84 69 53 66 70 101 79 113 35 104 90 102 95 18 36 7 43 19 57 1 11 26 6 17 73 52 61 24 112 94 2 116 80 58 39 86 68 49 100 33 10 85 30 37 38 98
235 58 29 44 87 75 98 85 15 50 52 63 37 82 94 22 26 57 46 65 51 32 41 2 74 18 76 73 27 108 81 100 110 103 48 8 114 43 116 113 93 102 9 106 40 42 3 80 96 49 20 11 23 58 72 70 69 21 28 30
406 59 68 87 79 46 118 5 114 59 27 28 92 55 69 37 75 31 3 110 109 106 67 78 58 111 71 100 61 17 89 102 49 29 93 88 45 24 15 115 60 25 105 70 7 13 53 16 77 50 96 84 14 39 76 107 36 104 112 4 6
377 60 80 69 12 45 38 64 119 71 53 94 114 108 47 21 18 73 56 22 27 105 66 61 46 98 33 13 31 59 77 55 85 97 82 92 19 86 106 90 40 110 102 5 112 74 35 24 37 42 78 88 115 81 2 39 99 72 79 63 7 57
328 61 20 122 79 15 27 35 120 104 14 1 47 26 32 46 90 106 21 34 50 28 9 81 7 77 54 108 96 58 85 10 33 84 121 86 64 63 41 6 38 114 71 4 57 29 118 76 87 43 72 22 44 74 89 105 92 36 102 25 99 80 88
295 62 100 40 6 101 76 124 2 61 107 94 71 23 78 86 88 20 109 96 92 46 52 41 99 110 91 19 69 10 85 58 115 17 70 67 84 13 121 63 62 90 74 87 4 59 18 72 16 111 113 12 105 80 79 77 103 47 55 73 7 50 34 95
168 64 85 112 99 57 124 67 108 117 20 18 90 62 103 113 93 76 71 80 87 53 6 73 81 28 44 75 83 14 29 51 114 40 27 82 105 98 126 39 122 106 41 49 4 22 60 43 50 107 78 110 9 55 30 35 86 109 102 2 61 70 115 1 63 120
481 65 128 37 30 120 47 20 33 105 74 89 114 6 34 67 51 65 91 39 106 86 11 68 127 111 44 98 104 118 82 80 69 61 27 46 38 66 18 112 7 110 42 59 101 93 56 32 48 125 5 45 108 35 124 3 103 72 121 123 84 26 109 49 113 83 77
105 66 39 28 53 62 48 60 18 75 131 79 41 63 16 9 35 99 89 122 26 86 77 132 109 110 61 21 25 33 115 120 32 72 111 50 13 93 113 121 27 47 42 117 8 91 19 123 14 3 59 130 98 103 119 58 54 34 43 116 84 125 6 85 57 20 52 30
701 67 18 86 28 63 36 98 74 54 15 9 6 75 83 103 51 39 81 125 112 93 55 72 120 134 35 21 82 118 56 64 106 78 33 122 108 127 24 87 130 128 22 116 80 71 111 131 132 37 101 124 46 4 110 61 12 20 23 52 13 99 66 29 10 115 19 65 126
245 68 63 135 10 50 44 131 55 15 85 46 65 73 54 115 134 17 119 124 114 51 59 99 68 86 110 87 53 38 8 13 29 84 31 34 109 111 106 12 1 23 127 61 42 125 120 62 113 97 112 117 76 21 93 14 2 33 82 22 101 91 5 67 27 107 102 60 45 103
344 69 13 34 118 10 22 28 96 114 67 33 51 65 116 79 20 52 47 23 39 129 126 37 4 134 86 36 97 71 27 78 63 82 31 8 100 113 29 44 18 9 98 21 58 32 2 125 105 45 137 122 55 120 83 81 43 60 72 135 24 127 68 128 19 94 115 74 61 76 89
217 72 95 14 41 26 124 86 88 128 56 106 4 73 12 59 81 104 31 19 33 36 76 132 38 55 40 85 127 25 96 133 75 60 24 47 122 134 129 6 45 119 28 116 15 63 49 9 126 143 97 21 29 20 66 54 91 98 44 39 5 140 84 80 62 71 99 7 136 87 114 18 70 30
586 73 54 141 63 48 127 20 137 72 50 51 39 31 66 74 3 29 49 140 6 136 108 78 75 120 69 60 25 71 27 36 80 47 34 84 115 33 2 85 86 18 100 122 129 30 123 124 56 132 144 53 116 64 131 32 87 61 13 24 77 106 79 112 40 142 97 101 28 125 76 109 105 57 93
428 73 34 6 19 60 98 112 18 81 101 31 15 118 25 134 7 29 39 92 122 28 109 121 4 9 55 27 130 73 30 145 144 132 35 76 88 70 24 97 89 49 105 42 136 123 113 8 45 141 119 77 58 74 85 103 90 17 40 68 54 22 37 32 117 71 61 51 1 133 146 129 93 140 95
336 76 34 66 19 26 77 5 62 47 147 28 140 3 44 76 89 68 45 150 83 29 9 52 130 18 32 50 61 121 114 85 113 93 71 100 142 149 86 126 139 123 104 67 63 119 36 117 65 39 27 2 88 115 40 90 124 97 109 35 69 84 1 43 144 146 129 127 94 108 12 70 82 8 11 41 7 58
588 76 74 102 127 30 20 62 71 24 125 83 130 69 78 43 22 46 99 126 79 152 98 34 114 94 6 19 50 44 113 7 110 92 122 118 148 106 75 48 15 14 51 42 81 132 88 151 107 10 29 90 66 53 149 138 140 116 97 26 52 47 139 64 70 143 37 104 49 112 121 89 87 60 16 123 124 21
492 76 70 101 60 129 94 5 93 140 110 4 102 32 143 14 128 17 100 50 81 104 83 38 68 55 126 135 21 67 72 92 82 44 53 15 86 16 87 56 36 106 71 138 79 23 107 63 151 37 58 7 29 124 99 78 42 133 62 115 125 134 19 48 89 91 90 47 77 8 132 137 118 46 30 97 39 64
386 77 84 78 97 51 120 6 53 130 118 40 67 110 31 15 128 147 41 86 18 71 132 99 45 79 74 38 60 92 9 119 32 83 80 73 62 145 26 152 48 47 52 93 134 2 12 21 129 91 33 59 105 3 148 35 109 17 136 89 98 82 42 43 50 55 14 69 87 19 137 117 131 49 68 125 103 81 11
178 77 50 72 25 2 122 70 121 123 111 99 63 92 1 4 107 85 95 5 138 154 21 14 86 39 126 89 130 150 55 53 19 80 119 41 113 10 110 100 40 104 106 32 59 13 93 118 91 48 37 141 47 127 144 74 137 68 36 45 151 143 131 3 81 7 46 90 34 115 114 64 26 97 108 15 124 52 94
576 77 105 127 154 77 11 88 14 41 130 3 79 20 47 98 114 32 115 49 84 74 89 117 143 66 7 31 62 119 35 120 150 24 116 2 111 56 134 136 145 60 80 33 125 25 63 71 110 64 37 90 27 68 52 69 18 57 109 54 122 30 4 152 108 128 19 102 92 95 97 50 29 72 100 96 124 40 70
215 78 96 9 128 81 144 68 154 100 140 126 55 136 12 64 39 135 48 40 73 21 65 127 121 123 109 77 60 17 112 78 57 110 115 125 146 92 45 141 156 93 152 16 22 122 95 13 10 70 4 107 26 119 118 74 49 105 32 131 27 2 84 61 143 71 37 72 18 83 82 113 23 104 97 116 132 36 103 14
798 78 42 86 91 14 64 133 136 142 108 25 82 124 39 83 81 74 61 78 79 137 149 13 110 101 130 112 71 12 154 148 92 128 54 76 2 141 132 62 118 63 41 98 89 52 53 120 7 16 129 80 99 144 145 48 3 90 68 33 19 131 50 116 107 60 22 146 104 85 56 100 106 34 29 114 17 96 134 51
342 79 16 45 19 41 102 81 59 138 80 22 49 119 2 38 40 1 76 83 128 136 68 91 71 28 97 99 132 32 95 133 30 11 108 15 113 74 139 147 77 54 87 118 145 47 96 140 151 135 46 112 8 50 134 56 42 17 122 62 51 58 73 20 18 107 120 23 149 146 110 29 67 9 24 124 72 25 85 125 10
687 80 80 130 152 105 3 153 33 42 76 2 1 79 142 13 157 63 49 126 143 27 53 70 88 118 96 72 102 6 108 87 103 148 66 24 89 41 101 21 23 123 62 134 39 133 45 32 28 85 159 119 140 22 4 17 36 61 104 25 124 117 58 94 16 136 54 9 30 149 154 114 131 147 14 122 47 68 46 55 35 51
306 84 45 144 93 41 124 58 99 5 145 42 146 132 129 125 8 13 38 104 69 152 113 74 72 34 148 76 85 62 70 60 4 19 90 115 128 49 117 156 25 154 35 126 160 135 121 68 122 96 110 114 71 102 162 123 153 24 18 53 138 155 88 10 16 108 86 46 27 6 47 23 133 92 168 65 83 77 119 3 1 161 167 48 33 95
302 85 123 144 43 74 132 24 152 124 111 34 129 21 165 82 96 130 104 109 95 50 14 103 86 142 127 125 61 62 119 40 3 17 26 131 15 97 53 65 48 63 32 161 64 12 2 135 118 147 7 87 146 6 10 121 38 164 81 16 37 138 167 55 31 139 75 70 44 170 148 92 137 80 153 58 126 107 141 84 51 102 151 114 79 99 45
548 86 74 129 101 139 113 146 76 12 81 62 38 83 94 32 8 15 56 92 33 128 2 9 161 60 73 140 171 121 28 124 75 164 160 55 120 84 23 82 40 50 116 130 7 77 25 69 45 122 86 145 85 41 27 144 156 68 132 35 169 70 72 165 58 114 117 123 99 34 151 149 51 131 147 67 172 47 98 135 22 150 105 6 136 110 14 37
819 87 8 102 83 124 33 52 86 39 140 1 151 118 50 162 48 105 63 170 18 36 161 173 55 139 114 46 44 117 159 138 160 143 49 120 26 10 72 80 150 100 40 65 119 97 144 157 54 174 6 20 25 62 5 21 112 74 126 146 29 91 116 131 82 141 61 67 106 115 34 43 60 38 4 31 93 79 148 142 152 135 27 130 16 87 56 71 165
877 87 121 67 83 166 37 70 80 68 8 28 104 14 116 57 50 152 41 81 153 165 146 61 73 27 48 94 147 87 129 7 111 131 138 96 171 125 114 126 172 79 4 63 78 40 47 33 46 141 135 17 124 43 72 69 149 128 151 32 31 103 3 29 134 99 148 74 108 110 132 155 97 127 58 174 49 71 106 162 160 157 139 133 113 136 52 168 53
263 89 15 2 92 172 166 158 90 24 100 75 107 74 102 66 99 47 169 119 150 161 80 139 104 34 112 142 17 95 131 98 29 82 159 146 57 135 43 115 41 171 65 48 10 27 126 37 63 42 50 26 62 121 36 45 174 8 129 3 93 101 70 173 78 68 118 97 109 7 177 127 69 9 157 155 113 132 59 145 89 30 11 22 116 61 53 111 4 20 168
568 89 99 37 160 135 133 1 12 156 25 142 9 16 118 52 124 53 19 171 140 23 164 70 139 100 122 128 114 169 51 178 47 95 24 132 17 20 149 155 159 119 138 29 8 147 102 96 73 4 27 125 150 92 36 129 166 65 106 93 79 77 107 104 97 86 44 131 48 151 38 5 157 6 34 30 59 88 146 172 28 15 94 31 177 152 42 158 40 78 110
822 90 58 49 159 26 33 116 81 146 51 68 45 10 119 21 34 114 104 141 156 16 61 149 24 83 90 117 136 131 36 56 105 12 127 157 175 151 86 180 107 64 94 148 124 17 103 142 167 134 140 66 98 138 143 53 145 112 6 170 25 113 101 60 70 76 118 125 7 147 154 126 102 115 95 71 89 163 97 73 162 152 40 84 155 173 48 67 85 75 15 91
820 91 106 44 39 74 32 109 93 31 153 48 64 129 94 26 37 148 72 9 63 154 5 163 155 112 59 27 55 142 171 161 11 162 21 24 57 35 103 111 132 34 175 46 73 160 123 97 108 43 104 96 121 176 181 95 110 23 150 29 30 173 139 84 127 105 134 86 172 54 58 14 79 25 83 80 120 124 91 92 51 130 78 174 36 180 49 99 102 141 8 47 61
421 91 25 32 74 35 144 42 13 108 36 24 94 100 97 61 72 134 181 15 168 67 173 27 28 112 140 44 40 125 19 85 153 82 17 91 161 107 26 48 154 18 23 37 49 179 106 142 2 171 162 62 175 149 1 169 83 30 114 55 158 80 9 137 102 126 46 87 73 59 75 56 156 33 57 101 166 120 5 38 111 20 31 130 147 81 150 70 155 92 131 113 79
750 91 130 54 151 8 63 42 84 36 129 164 156 105 181 141 24 19 138 111 175 107 72 43 33 127 2 123 64 57 161 131 31 87 83 108 41 66 102 46 92 49 148 162 45 140 39 167 34 157 101 13 173 32 21 154 113 61 110 159 137 7 75 47 16 115 88 106 118 160 30 121 51 112 97 133 22 125 171 18 117 91 135 60 68 165 163 142 182 90 37 73 120
407 92 184 164 101 169 41 146 148 153 53 50 4 99 87 125 65 90 75 24 88 127 6 28 139 2 21 135 10 136 123 36 177 161 163 80 60 160 3 156 114 76 83 131 39 69 51 30 23 144 96 183 172 78 132 72 86 19 157 166 118 147 117 81 112 71 5 16 130 124 102 155 48 46 137 43 93 150 94 1 61 105 66 20 70 167 168 82 116 55 180 25 52 151
631 92 131 103 8 161 19 153 86 28 30 62 88 170 160 7 87 16 112 3 137 15 164 27 149 125 92 76 104 84 10 29 97 139 36 113 68 57 109 122 134 178 34 70 154 118 121 33 179 25 143 52 130 39 65 66 105 24 94 150 80 106 108 117 26 95 5 79 4 12 174 120 184 102 114 49 172 56 119 96 53 32 100 31 146 157 132 183 48 129 72 67 77 61
881 93 76 53 4 14 39 32 30 114 181 3 19 142 168 175 80 44 177 169 11 131 87 171 103 141 120 94 118 109 8 23 152 71 29 49 179 2 66 174 162 20 95 119 57 86 148 121 1 134 15 46 70 91 96 138 65 156 25 149 107 18 73 13 145 158 27 164 130 166 105 112 58 83 82 133 154 111 170 110 176 31 84 92 113 93 146 59 38 54 153 17 182 102 100
340 97 166 21 99 80 91 20 163 81 48 138 74 134 8 105 175 85 162 114 173 29 60 70 111 108 82 135 190 23 113 69 152 121 151 140 155 124 58 43 112 154 57 115 136 159 63 174 122 16 15 107 36 176 120 191 83 6 39 92 59 76 126 45 89 184 100 165 14 137 37 98 75 44 157 71 4 26 90 19 40 142 158 72 106 169 34 139 68 61 51 193 183 144 65 179 149 13 103
741 97 91 24 61 190 14 89 181 42 1 36 166 117 27 182 150 161 158 62 21 55 170 52 31 137 143 93 151 126 69 128 53 175 104 37 100 185 39 51 110 144 34 165 23 119 92 45 13 49 187 16 86 29 20 44 60 180 63 154 172 26 46 134 171 163 98 169 88 3 164 189 11 90 67 129 109 153 41 32 135 70 121 191 81 97 176 142 57 35 18 19 8 131 168 155 162 76 192
641 99 150 52 172 161 143 138 121 182 105 133 139 126 20 181 32 144 154 124 197 17 9 163 12 112 25 137 184 106 66 97 57 92 34 158 87 152 13 21 115 40 16 186 84 174 128 122 101 104 31 149 28 60 29 23 180 30 19 99 5 108 136 47 107 123 118 145 46 59 53 142 162 168 194 18 134 45 156 33 111 190 130 119 179 48 178 62 7 153 91 76 44 1 188 175 54 173 125 64 55
697 103 47 48 59 39 41 171 53 184 76 156 174 65 70 161 185 187 160 176 74 55 111 191 133 144 180 17 101 118 189 105 18 19 108 96 89 192 199 112 158 10 66 51 83 142 20 125 102 117 78 147 110 50 91 11 152 84 38 194 63 27 62 119 205 81 4 14 87 6 24 97 173 21 58 64 202 150 128 139 36 67 127 43 162 138 90 95 177 99 196 153 183 12 136 9 172 130 203 198 60 26 121 155 44
964 103 63 111 165 40 42 199 189 187 127 32 33 202 56 26 136 131 48 123 178 104 193 103 195 12 15 31 85 181 152 139 168 112 151 108 20 60 3 159 204 38 121 91 166 129 145 64 192 201 107 47 79 23 37 180 51 58 2 114 9 174 172 144 28 196 98 116 141 147 122 90 184 160 50 44 170 75 25 72 97 34 154 142 186 59 16 185 177 119 182 14 46 86 30 77 10 18 171 138 6 71 8 155 55
