bool 10 0 1 1 1 1 1 1 0 1 0
char 11 t p g m s p t o d j a
double 12 3.94 1.32 4.92 0.77 9.28 3.3 9.27 8.68 1.94 2.56 3.02 6
double 12 8.95 6.32 1.98 7.25 7.87 5.7 3.92 7.3 7.87 4.94 1.11 3.31
char 14 t b f j s n a j k r g s d s
bool 15 0 0 0 0 1 1 0 1 0 1 1 1 0 0 1
bool 16 1 1 0 1 0 0 0 0 1 1 0 0 1 0 1 0
int 16 12 76 1 94 75 21 78 78 23 33 6 68 41 1 76 83
int 18 11 25 80 20 20 17 87 98 57 47 48 56 12 65 12 55 7 26
char 18 i t t d r m n s n p l p e c m t l p
int 20 53 56 45 45 1 27 42 77 94 46 84 27 56 68 36 14 85 60 60 98
bool 22 0 1 0 1 1 0 0 1 1 1 1 0 1 0 0 0 1 1 0 1 0 1
bool 23 1 0 1 0 1 1 1 1 1 1 0 0 1 0 1 1 1 0 1 0 0 1 0
int 25 81 53 82 69 46 48 29 52 56 29 36 93 76 35 78 82 24 36 60 96 19 45 28 36 45
bool 25 0 0 1 0 1 1 0 1 0 1 0 0 0 1 1 0 1 0 1 0 0 1 1 0 0
int 25 15 59 31 80 95 46 63 17 78 32 50 56 9 45 49 77 86 44 27 14 46 78 15 24 27
double 26 6.65 7.14 6.56 6.51 9.77 3.67 0.05 6.23 8.73 6.39 9.35 8.06 0.62 4.58 6.36 5.26 1.52 4.4 8.96 0.76 4.93 3.52 8.99 7.42 5.48 5.22
int 28 10 87 50 30 31 73 1 27 4 86 84 92 5 94 61 55 70 83 81 55 77 92 93 74 9 78 8 43
bool 28 0 1 0 0 1 1 1 0 0 0 1 1 1 0 1 0 0 0 0 0 0 0 1 0 1 0 0 1
char 29 p g t r m a q e k h o p d l n r r o q f l m q f h j p k m
bool 31 1 0 1 0 0 1 0 1 1 1 1 0 1 1 0 1 1 1 0 1 1 0 0 0 1 1 0 0 0 0 0
bool 32 0 1 1 1 0 1 1 1 0 0 0 0 1 0 1 1 1 1 1 0 0 1 0 0 0 1 0 1 1 1 1 0
bool 34 0 1 1 0 1 1 0 1 0 1 1 1 1 1 1 0 0 1 0 1 1 1 1 0 1 1 0 0 0 1 1 1 1 0
char 35 b q k j f m l j n n p p n b i k p j c h f a h n f d q i m r o n t o a
double 37 2.9 6.71 3.25 6.64 3.16 1.39 1.63 8.86 3.25 7.83 7.22 0.67 0.17 4.32 9.42 0.83 8.82 5.02 2.05 6.49 3.97 9.55 3.41 5.21 4.5 2.81 8.1 2.94 4.31 0.62 5.98 6.13 5.93 3.99 8.27 9.42 7.59
bool 37 0 1 1 1 0 0 0 0 0 0 0 0 0 0 0 0 1 1 1 0 0 0 1 1 0 1 0 0 1 1 1 0 0 1 1 0 0
char 38 q g c t j e t e a s a p r d i d l i j m l i r f h g l g g s i t t q r t n m
char 38 k m n m l c n k r f a g d e c h r f h p i t t r c h l l j j t b i f r f n c
int 38 37 5 47 61 31 56 20 74 32 46 68 76 58 99 75 45 9 73 43 77 37 80 76 66 26 19 66 96 70 83 47 69 37 69 32 67 4 56
char 41 k f h e n l k l f k b p p d n t n l e s r p h d b l b c o p q j h p g c a f s i e
bool 42 0 0 1 0 0 1 1 0 0 1 0 0 1 1 0 1 0 1 1 1 1 0 1 1 1 1 1 1 0 0 1 1 0 1 0 0 1 0 0 1 1 0
int 42 93 19 92 2 70 58 37 68 54 18 72 37 12 84 22 60 95 5 68 34 42 2 86 62 77 34 8 81 77 2 14 24 17 99 52 84 60 32 15 84 91 86
double 42 2.4 4.34 6.24 5.12 2.95 0.75 0.45 7.41 0.45 5.05 8.95 6.43 6.66 6.25 6.66 7.54 5.35 7.77 3 3.91 0.16 6.15 2.41 6.05 7.24 2.2 8.11 8.35 1.37 4.87 0.3 8.85 7.41 1.21 7.69 6.75 9.72 6.01 1.5 0.33 3.75 0.26
double 43 3.62 9.58 6.56 3.62 1.72 7.93 3.14 2.26 0.88 2.96 8.14 8.66 3.79 7.8 5.3 9.63 1.7 2.06 5.93 3.42 1.85 6.81 5.79 8.08 4.07 7.27 6.15 4.53 2 3.04 3.43 8.28 0.15 6.84 4.51 6.98 3.58 9.08 0.8 9.73 1.67 6.28 9.05
int 44 56 90 30 93 18 39 15 99 48 15 64 52 57 6 8 73 3 27 79 18 52 31 37 51 40 55 66 26 23 50 67 95 40 82 51 63 31 75 95 57 33 37 46 89
bool 45 1 1 0 1 1 0 0 0 1 1 1 1 1 0 1 0 0 1 1 1 1 0 1 1 1 1 0 0 1 0 0 0 0 1 1 0 0 1 0 1 1 1 0 0 0
int 47 91 1 17 89 74 93 38 4 85 32 35 33 35 26 13 67 71 57 74 96 88 45 77 30 24 36 89 57 49 78 4 5 41 69 59 84 72 48 78 77 14 73 30 19 85 71 11
double 48 7.55 7.24 0.77 1.35 2.16 0.07 9.92 8.59 9.35 9.32 7.71 2.28 6.99 0.56 7.51 5.07 2.21 8.73 1.37 6.22 6.95 3.99 4.3 1.54 2.97 7 9.41 1.93 3.97 6.12 0.42 8.12 1.28 8.83 8.94 1.11 5.67 4.14 7.62 9.17 8.36 6.91 5.72 3.97 5.46 3.02 8.14 3.96
char 48 g l m l d h c d t b r e k r g b c f t a i e d j h g p n b g g j l r l b b m p l r r a q a s b t
int 49 27 96 72 60 2 79 11 12 36 76 64 2 48 13 29 11 94 20 11 73 53 33 19 6 48 1 19 37 21 64 60 81 99 2 13 9 29 28 95 61 67 22 55 15 5 87 27 91 23
char 49 k p b b g j k b j c q k a j b s p e e k b h d m a n h p r c r a q t h a q a e e e t p k d l l f l
int 49 96 43 74 15 19 45 55 19 73 48 75 69 72 47 39 84 4 46 92 51 23 74 16 20 5 29 39 95 5 24 84 1 65 7 84 92 25 70 27 77 52 32 34 27 40 47 36 53 23
bool 49 1 1 0 0 0 0 1 0 0 1 0 1 0 1 0 1 0 0 0 0 0 1 1 0 1 0 0 1 0 0 1 1 1 0 1 0 0 0 0 0 0 0 0 1 0 0 0 0 0
bool 50 0 0 1 1 0 1 0 0 0 1 0 0 0 1 1 0 0 0 1 1 0 0 1 0 1 0 0 0 0 0 0 0 0 1 0 0 0 1 0 1 0 1 1 0 0 1 0 0 0 1
int 52 4 15 91 13 48 7 78 77 50 31 99 63 95 20 45 62 30 4 49 48 91 60 62 2 36 67 33 12 18 41 53 52 65 65 80 74 36 52 54 77 87 63 66 44 23 12 49 28 81 35 36 44
double 52 8.63 7.03 0.91 8.15 0.13 9.13 0.04 0.06 1.36 7.55 5.72 1.49 1.92 4.7 2.54 1.1 3.07 9.58 8.57 0.46 5.52 3.45 0.2 3.68 4.61 7.44 2.28 8.14 9.75 5.68 6.02 3.64 6.02 1.21 9.12 1.93 4.73 8.11 3.07 8.23 1.64 6.28 9.68 4.39 4.42 8.3 8.61 5.46 3.18 5.95 4.42 7.74
bool 52 1 0 0 0 1 1 1 1 1 1 1 0 0 1 0 1 1 1 0 1 1 0 1 1 1 1 1 1 0 1 1 0 1 1 1 0 0 1 0 0 1 0 1 0 1 1 0 1 0 1 1 1
char 52 p d q p j h f e f k i m g o t b g i t s s h c c p e c s i k c c d s f o j j m f p d r e k k s o h l l t
char 54 a r o a m h k p p g l d p k l g q a c d e p i g l j r h j k t n o b s k b l o q e o m n h h n e f g l k o a
char 56 q h f q a o g c i s i o r s a s n q n d e o q p h o c e d o t t g s o r j s m a k f f c p s a a b g t c e j o h
bool 58 0 0 0 0 1 1 1 0 1 0 0 1 0 0 1 1 1 0 1 0 1 1 0 1 1 1 1 0 0 1 1 0 0 1 0 1 0 1 1 0 1 1 0 0 0 1 0 0 0 1 0 0 1 0 0 0 1 0
bool 58 0 0 0 0 0 0 0 1 1 1 0 0 0 0 0 0 0 1 0 0 0 1 0 1 1 1 1 0 1 0 0 0 1 1 0 0 0 0 0 1 0 1 0 0 1 1 1 1 0 0 1 1 1 1 0 1 1 1
char 59 a o s m g b q b n c j b e a p l o h f j r p r n o l k t f m i t d b j i b d a g e d p i g r c b r l e k l o l r g n g
int 60 66 29 19 3 60 15 58 32 41 79 55 36 81 80 23 18 18 49 60 68 45 63 24 99 51 60 78 24 6 45 9 28 18 43 55 81 37 65 20 20 87 67 62 24 24 94 54 26 72 12 68 91 14 67 31 15 35 52 12 84
double 62 7.19 9.57 9.72 7.65 4.68 8.79 0.05 9.25 0.83 8.07 8.85 0.33 1.93 6.49 7.09 2.87 8.17 6.76 6.06 8.04 2.59 5.91 1.43 9 7.44 4.28 7.54 6.02 9.75 1.64 6.14 6.46 1.08 5.02 5.12 4.14 6.14 3.21 0.78 2.23 6.42 9.49 6.12 4.23 0.17 2.91 8.38 5.51 7.01 4.34 4.16 9.52 8.13 7.7 7.66 1.03 1.29 0.51 4.1 1.96 6.95 2.58
bool 63 0 1 1 0 0 1 0 1 1 0 1 0 1 0 0 1 0 1 1 1 1 1 1 1 0 1 0 1 0 1 0 0 0 1 0 1 0 1 1 0 0 0 0 0 1 0 1 0 1 1 0 0 1 0 0 1 1 0 1 1 1 1 0
char 64 f b q c k o f e o p j s n n l s m q m q m a t t p s o e k s l h m r r d k p o d c h m n d o p l m f i p q s b r i a e k a e f b
int 64 40 40 28 20 18 33 57 59 18 42 53 45 55 42 73 6 48 2 29 53 74 50 40 79 35 8 34 23 54 26 38 1 10 40 66 57 85 67 75 75 3 43 65 22 16 75 15 36 65 77 18 94 36 78 62 56 51 67 32 61 84 16 16 22
char 65 d t j t t k c p b d t q o p g f f g j m d r k k m a i p m f s q h i q l t p j n f p e t b i r d t b k m a a r f p e j t f e b j l
bool 66 0 1 0 1 0 0 0 1 0 1 0 1 0 1 0 1 1 0 0 0 0 1 0 0 1 1 1 1 1 1 0 1 0 0 1 0 0 0 0 0 1 1 1 1 1 1 0 0 0 1 1 1 0 1 0 0 0 0 0 1 1 1 0 0 0 0
double 66 7.16 5.22 7.77 8.82 2.14 2.65 0.57 3.59 3.63 8.67 8.29 7.52 7.39 5.86 5.74 8.61 8.88 2.65 3.01 9.11 6.78 5.64 4.74 3.77 9.99 3.92 4.8 6.27 4.6 5.65 4.46 8.14 1.15 1.31 5.23 0.14 9.5 6.46 6.44 1.61 7.76 4.28 5.6 8.66 7.9 6.86 2.8 7.15 7.5 2.93 9.25 2.19 6.32 0.61 8.62 9.66 1.29 3.72 8.98 8.29 5.17 7.65 9.82 4.58 0.99 3.02
char 72 r h m i t m l n c k g g b i s b o d b k q q t g k j c s e e p j r e c a g f e g e s j f m e c t q d r c j a d g k g o g g a i j o e o l h c i j
bool 74 1 0 1 1 0 1 1 0 1 1 0 1 1 0 1 1 1 0 1 1 0 1 1 1 1 0 1 1 1 0 1 0 0 1 0 0 0 0 0 1 1 0 0 1 1 1 0 1 1 0 1 1 0 0 0 1 1 0 0 0 1 0 0 0 1 0 0 1 1 1 0 0 0 1
int 74 15 69 43 80 53 22 71 24 96 87 92 72 17 8 53 82 73 27 52 45 60 45 62 58 76 37 84 30 21 2 85 46 7 8 84 56 12 72 51 89 81 35 9 83 41 35 67 14 98 49 97 37 18 85 47 63 72 56 39 55 18 39 84 25 22 83 51 92 89 77 23 9 75 61
char 74 l k a e r a n b t e p j a e s r r i q j o n i k r t h l j b h b s e g m j m s a d s c j b q s l t r f n r m i i r a m q i m q i b i f h i o k f c n
int 77 45 88 88 99 7 46 96 83 91 70 30 46 13 87 51 90 65 27 92 9 88 30 18 83 87 36 64 2 28 20 51 73 14 44 12 14 31 65 4 86 68 44 40 4 97 2 96 9 96 71 37 15 38 33 58 48 49 33 44 13 54 37 97 78 63 57 27 15 13 98 23 64 62 7 65 99 51
char 77 m a t g h t o d h f f t k f s g m m a e d d i r f n f g n l t e t p n p l e t n p n r q e d h d a t l h o k o r p i s q a g r k c n i b q r r a q l n t e
int 77 42 73 48 4 80 92 8 59 25 1 77 60 87 30 97 67 27 26 18 91 76 88 68 97 31 89 68 14 10 12 53 11 10 93 15 13 35 67 50 62 88 26 71 46 59 81 73 10 55 34 77 90 11 88 97 6 90 37 66 74 32 39 18 77 19 34 98 28 81 7 60 21 32 83 67 31 3
char 77 l a n b l m d n d j s r r a g h n b i h t t m c e t q s s i t r a o q a o p h t a h o h h e q f a g r h s n o r d s o k c c r i j a g s e b f n d g b t t
double 78 9.81 1.42 8.91 5.42 1.64 3.86 6.4 4.15 7.41 1.24 5.81 1.35 8.41 2.62 9.45 3.44 8.91 8.87 2.72 5.07 6.94 6.84 8.39 9.16 9.9 5.87 0.37 2.55 2.39 2.94 6.33 7.62 5.07 2.22 0.01 2.33 6.57 9.43 7.27 1.63 4.37 9.15 4.45 1.08 7.73 9.37 2.79 0.82 6.98 6.87 8.29 8.13 9.49 0.45 4.93 8.12 5.6 6.3 2.55 8.74 7.81 0.77 7.8 3.87 1.74 4.3 0.04 0.19 7.59 4 7.3 9.45 5.64 3.09 8.26 8.61 0.99 3.4
double 79 9.54 2.48 2.5 8.8 7.95 0.61 7.76 0.08 7.08 8.84 4.56 2.73 2.01 3.89 0.27 1.51 0.78 5.27 1.72 5.25 1.36 7.8 8.38 4.71 2.51 0.65 4.53 7.72 9.57 7.62 1.18 8.88 7.24 4.32 6.98 6.63 1.96 2.88 9.12 5.44 8.91 9.58 7.56 9.58 2.86 8.9 0.89 5.76 1.1 5.55 8.54 4.81 8.33 4.96 2.21 1.7 0.7 0.92 9.98 4.25 9.79 8.43 5.4 9.57 7.21 2.6 6.27 1.01 0.54 1.88 5.6 3.33 3.95 9.66 2.16 2.73 5.25 7.14 1.66
char 80 o t s d o e l o h r t h l g p p e r t i e c l g r f h h e c m f d a d b j h d p a j b f k d g k b g a n p d o q i q r r k c g g b m f q a g d n b b f k g k j p
double 80 8.02 2.68 0.2 5.73 6.52 9.86 7.67 9.71 7.52 0.36 1.89 9.85 5.01 6.51 9.8 8.93 6.2 3.15 5.59 6.58 3.83 8.67 2.29 5 8.63 4.16 0.52 3.29 4.52 9.25 7.66 7.8 1.83 7.76 7.78 0.58 9.41 9.73 0.76 5.51 4.37 4.43 3.16 0.45 6.11 7.71 8.02 3.93 7.34 2.49 1.74 3.42 4.78 8.57 1.54 2.26 5.3 2.74 6.61 6.96 7.03 3.94 2.48 0.71 8.27 6.34 2.83 2.69 1.5 3.19 2.15 7.61 9.71 7.91 2.82 9.35 0.45 0.32 3.32 9.14
int 80 11 2 60 88 53 6 17 35 10 93 88 95 68 8 46 43 12 20 88 7 80 3 31 13 81 21 95 22 56 25 36 7 6 50 22 14 96 98 48 26 88 4 28 22 74 17 80 38 89 6 16 97 17 38 61 88 90 33 68 45 99 19 72 88 38 58 30 34 44 4 84 32 45 60 35 93 17 98 48 66
int 81 37 41 99 7 2 74 86 6 24 20 14 97 30 60 7 34 51 84 92 56 69 29 33 9 76 43 90 40 81 21 27 83 63 21 51 32 39 33 88 81 66 42 24 32 43 84 58 75 49 3 34 97 69 93 54 3 84 50 17 81 24 61 39 41 82 73 69 79 79 10 43 56 89 36 78 36 72 57 13 83 98
char 82 a e e d n g g b n h h i f n k n o p h t s c a e r j t b r k e d d r h r i q f s k d o m d q l j s j i b l m q t c s n n m b f e g r s d s n p t k f r i q s h o t s
bool 83 0 1 1 1 0 0 0 0 0 0 1 0 0 1 0 0 0 0 1 0 1 1 0 0 0 1 0 1 0 1 1 1 0 0 0 0 0 1 1 0 1 1 1 1 1 1 0 1 0 1 1 1 1 1 0 0 1 1 1 1 0 0 1 1 0 0 1 1 0 1 1 0 0 1 1 0 0 1 0 1 0 1 1
double 85 2.57 0.65 0.97 8.84 0.27 4.45 9.8 1.61 2.52 7.16 1.26 2.5 8.08 6.82 1.39 7.03 3.89 1.57 4.33 7.85 8.84 1.42 7.68 6.48 1.18 0.52 9.88 4.33 3.09 5.77 0.93 7.55 3.78 3.57 6.14 1.34 1.88 9.57 8.16 4.92 4.07 3.01 5.7 1.79 2.95 8.56 7.71 6.46 8.54 2.09 9.04 3.77 4.92 8.74 0.98 9.61 0.02 0.94 5.44 1.33 9.13 6.73 1.68 1.81 4.18 6.12 5.54 7.33 0.19 0.08 0.95 1.18 7.9 0.9 5.56 7.45 1.53 7.77 5.63 7.97 8.34 7.08 9.05 9.36 7.18
int 87 42 89 59 4 55 89 26 76 87 61 90 20 31 38 38 60 77 64 91 45 63 63 28 88 30 2 54 45 59 8 98 91 21 83 2 36 52 71 61 9 82 72 12 55 99 87 78 54 19 17 32 93 67 9 95 63 32 8 46 22 99 55 21 57 85 29 30 45 86 59 98 9 1 71 25 99 20 49 32 99 80 77 94 70 25 20 49
int 87 70 61 38 78 69 20 53 7 40 90 77 68 44 15 41 96 50 6 73 81 67 70 84 49 60 30 83 21 39 51 50 45 78 3 48 33 10 94 6 26 92 90 57 62 7 86 21 8 72 17 66 94 89 21 14 91 12 68 2 47 49 14 42 21 41 76 78 34 2 44 33 27 16 64 11 75 22 49 27 82 49 28 60 34 84 89 62
char 87 e a t s o q k o k g o q o t i j o p b e c c d n b j o s c e i t a c n f m l c s j b g a b j i h k d h d p r j s j g f a n j s l a r l d p p l p g h f l g h r t l r g n q b q
double 89 5.39 6.23 9.58 0.14 8.68 4.47 9.45 4.43 3.71 6.83 9.54 2.9 9.72 6.85 1.36 1.08 4.47 4.87 8.4 1.07 5.3 5.35 0.67 4.43 8.64 0.74 6.85 2.29 1.24 6.25 5.98 7.14 0.96 2.61 4.51 7.69 8.44 7.25 0.3 0.18 5.32 6.72 7.01 3.39 5.35 1.58 5.37 6.86 6.92 7.27 5.21 7.34 9.66 9.41 7.89 9.4 9.62 5.16 1.78 0.98 7.68 9.63 0.91 4.08 4.12 4.87 2.65 3.58 2.02 2.12 2.67 9.03 5.5 1.36 1.56 3.05 2.36 2.53 1.57 5.09 5.05 1.61 4.57 6.49 8.18 5.76 5.62 5.69 2.26
char 90 p b j p s j t f a d p n j g n a h h d i l d b r i o s l g p g o j h s e q a a k k e l h a m a j n p e c e t f p q i o k f k n c s e p o b d e i e d b s a a f i f p r r k a b q s s
int 90 48 88 10 5 72 64 97 74 85 89 57 37 24 38 25 55 13 1 59 11 99 86 66 58 37 67 89 75 35 27 1 92 12 53 74 74 21 36 45 12 85 61 27 26 11 67 50 65 27 15 62 83 60 22 48 75 21 88 56 8 90 51 28 83 6 14 23 52 39 43 73 23 61 84 58 93 1 77 75 76 29 11 84 57 95 24 51 79 19 82
bool 90 0 0 1 0 1 1 0 0 1 0 1 0 0 1 1 1 1 1 1 1 0 1 0 1 1 0 0 0 0 1 1 0 1 1 0 1 1 0 0 1 0 0 0 1 1 1 1 1 1 1 1 1 0 0 1 0 0 0 0 0 0 0 0 1 0 1 0 1 0 0 0 0 1 0 0 0 1 1 0 1 1 0 1 1 1 0 1 0 0 0
bool 92 1 1 1 0 0 1 1 0 1 0 0 0 1 0 1 0 0 1 1 1 0 1 0 0 1 0 0 1 0 1 1 0 1 1 0 0 1 0 0 0 1 1 0 0 1 0 1 1 1 0 1 0 0 1 0 0 1 1 0 1 0 1 1 1 1 0 0 0 1 1 0 0 1 1 0 0 0 1 1 1 1 1 0 1 0 1 0 1 1 1 0 1
bool 92 0 1 0 1 0 1 0 0 0 1 1 1 1 0 0 1 0 0 0 0 1 0 1 1 0 0 1 1 1 1 0 0 0 0 1 1 1 0 1 0 1 0 0 0 1 0 0 1 0 1 1 1 0 0 1 0 0 0 0 0 0 0 0 0 1 1 0 1 1 0 1 0 1 0 1 0 1 1 0 1 1 0 1 1 0 0 0 1 0 1 1 0
double 93 5.98 3.92 3 0.16 0.81 3.65 3.79 5.69 9.35 0.11 0.05 6.66 9.22 8.52 7.22 7.62 2.13 3.27 5.85 5.39 9.17 6.69 6.96 5.8 0.01 1.33 4.62 2.24 8.79 3.71 8.62 0.7 2.86 5.49 6.76 3.44 0.19 0.64 5.67 9.94 5.27 1.47 1.6 1.02 7.2 8.07 5.32 5.9 8.83 0.58 6.7 3.5 8.62 5.19 1.58 2.99 1.1 2.62 6.76 3.05 2.53 0.92 1.66 4.8 9.21 0.61 9.85 7.7 3.21 4.36 3.5 4.98 0.16 4.72 9.48 6.87 1.1 3.34 2.28 6.34 7.33 5.07 4.71 6.37 9.42 7.44 8.89 4.86 2.06 5.33 0.26 5.52 6.03
double 93 7.96 6.85 5.44 8.84 6.38 3.68 3.53 5.64 3.5 0.61 5.76 1.58 1.12 0.59 4.95 2.34 1.35 3.55 6.89 4.37 7.12 4.24 9.07 4.75 4.46 2.57 2.92 6.55 8.48 2.61 2.62 7.12 6.92 1.21 1.97 5.21 5.02 3.46 8.39 0.76 0.13 0.63 2.13 4.49 7.8 7.21 9.32 9.3 3.76 0.46 8.26 7.8 7.96 2.38 5.61 0.67 2.62 0.01 7.62 7.76 9.87 7.06 6.49 0.92 3.6 1.74 6.04 8.38 9.88 8.4 3.13 9.71 2.98 8.85 5.88 8.82 4.3 4.65 9.37 6.78 7.27 7.95 0.14 2.49 0.48 6.06 8.94 9.21 4.14 4.69 2.96 3.97 8.51
char 94 b g h a s d a h g e k c t f a o f e q c f c b i g l g k b c s j n d t h o g c k s e b g h j g f t s e e s m s t j r f c e f b d a g q s a s e q b t j r b r i g a p r a c p p s r t b p l o
char 96 b j s c i r o c t s k f d f j j o h b e k t n e s q h e j j g t c c h o b o i r k i d p h f d t s o d r m h g f e g q o s r l m e n n k q e l n r c k f l m e n n s k o g i o i i i t c l b e l
bool 98 1 1 1 0 1 1 0 0 0 0 0 1 0 0 1 1 0 1 0 0 1 0 0 1 1 1 1 1 0 1 1 1 1 0 0 1 1 1 0 1 0 0 1 0 0 0 1 0 1 1 1 1 1 1 0 0 0 0 0 0 0 1 1 1 1 0 0 0 1 0 0 1 1 1 1 1 0 1 0 1 0 0 0 1 1 1 1 0 0 1 0 1 0 1 1 0 1 1
char 99 i n n g b f p d t h t p f n q j c p e g s g n o k a p c b b l f g q t k p s h g i h e h d o n e i i a m b b n g e a p q l d m r n d e f s k n l f i n g s q h e i m p q q q n n t p a m f s r t e d r
bool 103 1 1 0 1 0 1 0 0 1 1 1 0 0 1 0 1 0 1 1 1 0 1 1 0 0 0 1 0 1 0 0 0 1 1 1 1 0 1 1 0 1 1 1 1 1 1 0 0 1 0 0 1 0 1 1 1 0 0 1 0 1 1 1 1 1 0 0 0 0 0 1 1 1 0 1 1 0 1 1 0 1 0 0 1 1 0 1 0 1 0 1 1 1 1 1 0 0 1 0 1 0 1 0
double 103 7.19 9.4 7.98 1.05 8.83 5.22 5.66 5.08 6.77 8.69 2.16 8.7 9.46 3.36 3.17 6.82 9.78 0.93 8.55 7.37 7.75 9.09 9.65 8.86 5.04 4.54 9.91 7.9 2.98 5.96 6.48 7.05 8.02 4.32 9.23 8.59 0.61 7.56 1.25 3.57 8.6 8 1.65 1.51 3.88 0.71 2.66 3.91 0.01 9.77 3.46 5.88 0.83 6.58 1.05 6.87 0.41 1.78 7.25 8.77 6.15 2.42 2.8 2.41 3.8 1.61 9.49 1.98 7.96 1.24 9.06 1.53 1.85 7.43 3.27 1.29 0.56 9.81 0.92 8.7 8.6 0.6 7.55 2.64 3.72 4.54 4.07 2.74 6.5 9.73 9.14 7.26 8.11 5.62 6.82 0.74 7.8 6.57 4.87 1.12 1.22 4.64 8.84
bool 106 1 0 0 1 1 0 1 0 0 0 0 0 1 1 0 0 0 1 0 0 1 1 0 1 1 0 1 1 0 0 0 0 0 0 0 1 0 0 0 1 0 1 0 1 1 0 1 1 0 1 1 1 0 0 1 1 0 0 1 0 0 1 0 1 0 0 0 0 0 1 0 1 1 0 1 1 0 1 1 0 1 0 1 0 0 0 0 0 0 1 0 0 1 0 1 1 1 1 0 1 0 1 1 1 0 0
double 107 9.97 4.3 8.64 9.03 3.05 3.36 2.7 6.68 5.84 9.54 8.93 3.43 5.13 9.99 3.56 5.55 1.71 8.93 8.34 0.03 7.58 1.61 4.73 7.24 9.32 8.24 5.26 2.75 6.75 5.76 6.11 5.18 3.45 7.07 0.24 1.3 0.98 4.37 5.73 2.56 4.18 1.43 6.32 5 2.99 5.76 4.69 0.6 7.4 8.04 7.87 0.72 9.07 2.97 3.3 9.27 9.88 3.02 0.1 3.3 0.71 8.39 9.12 4.44 6.29 1.06 3.69 4.49 5.06 0.94 8.93 2.12 1.26 7.63 6.35 0.4 0.03 2.07 8.01 2.5 2.57 8.26 8.79 8.9 7.35 9.93 7.26 1.41 6.46 4.59 0.56 8.89 2.29 1.03 4.71 2.99 0.57 6.28 0.24 7.74 4.62 6.89 2.32 7.62 5.25 6.78 4.66
double 108 2.81 8.39 7.82 6.98 7.23 4.61 1.65 5.17 2.83 8.66 8.05 6.75 9.4 7.5 1.99 2.96 4.67 0.15 7.41 1.08 0.59 3.16 6.56 4.47 9.59 0.74 3.7 7.13 7.02 3.95 8.77 6.45 9.89 6.88 1.47 0.71 0.58 9.18 1.61 6.23 0.58 2.62 3.18 1.87 9.01 3.47 2.73 6.95 3.97 5.23 0.35 7.12 8.78 2.76 4.63 3.12 6.4 7.52 2.9 3.28 4.45 0.07 5.43 1.38 5.49 0.84 8.97 2.47 2.91 6.86 9 2.07 9.41 8.78 9.03 8.12 8.45 8.16 3.7 3.91 1.73 7.83 1.64 7.32 9.19 9.57 0.14 3.77 2.31 2.55 4.67 2.37 9.99 4.65 2.46 1.64 6.98 0.81 3.2 0.64 9.76 3.96 1.49 2.98 6.96 1.12 8.25 8.93
double 108 2.09 1.55 8.23 6.25 0.52 8.01 2.85 4.63 0.58 9.99 7.83 1.69 8.79 0.55 0.69 3.28 7.71 1.89 7.57 7.41 4.69 1.43 9.74 6.87 3.56 5.63 2.61 4.53 8.92 8.64 2.06 2.87 6.42 1.1 3.79 9.67 2.85 3.95 1.95 5.24 4.73 1.84 4.82 3.47 3.93 2.57 8.68 2.76 3.01 0.91 6.59 2.37 3.94 0.13 9.79 1.08 5.51 8.88 6.88 7.71 9.81 1.96 9.62 5.91 0.24 3.68 4.14 9.65 7.67 5.55 6.24 0.07 4.72 5.54 5.93 2.83 8.87 3.13 6.64 5.87 0.63 3.54 3.82 2.99 2.43 3.37 0.91 8.28 9.88 9.76 7.05 8.55 4.1 9.38 4.36 5.98 2.83 0.37 3.34 5.8 7.23 0.48 7.33 7.56 7.86 2.51 5.05 2.63
char 108 p a a i o a p j k t l f l g c g b f l a l b q r k p l h m n r c a l g d f t r o s b m e a j t h t a g p m s m n m k d m e h e o p r p t d c q j q f j o o g d l g l h g l n e q n p p c t t a p h a i i q o a a h d c s
