char 10 b r l i r s r r o e
double 12 3.94 1.32 4.92 0.77 9.28 3.3 9.27 8.68 1.94 2.56 3.02 6
bool 13 0 1 1 0 0 1 1 1 1 0 1 1 1
char 13 c p o f n a l t o f j n j
double 15 8.09 8.65 9 2.99 6.07 7.59 0.14 0.74 0.03 2.36 2.57 6.96 9.18 1.94 0.99
bool 16 0 1 1 0 0 1 0 1 1 1 1 1 1 1 0 0
bool 17 0 1 0 0 0 0 0 1 0 1 0 1 1 0 1 1 1
char 18 i a k s m f i a d m d d m b j b g n
char 21 t p k n k m i d b h i g s g h o k k s r g
bool 22 1 0 0 0 1 0 0 1 1 1 1 0 0 0 1 0 1 0 1 1 1 0
bool 23 1 0 1 0 1 1 1 1 1 1 0 0 1 0 1 1 1 0 1 0 0 1 0
bool 24 1 1 0 1 1 0 0 1 1 1 0 1 0 1 0 0 1 1 1 1 0 1 1 1
bool 25 1 0 1 1 1 0 1 0 1 0 0 0 0 0 1 1 1 0 1 1 0 1 0 1 1
double 27 7.27 8.68 5.72 4.32 1.47 8.78 4.08 2.3 3.71 5.82 4.87 9.23 6.41 1.85 4.56 2.93 2.67 4.86 9.03 7.16 4.24 0.95 1.68 3.38 9.72 8.5 7.54
double 27 4.92 8.73 8.03 2.64 6.51 1.26 7.08 7.05 9.72 1.42 5.88 4.42 7.65 2.99 2.74 2 9.09 1.69 9.82 0.57 1.85 4.01 3.43 5.87 5.26 4.13 8.67
bool 28 1 1 1 1 1 1 1 1 1 1 0 1 0 0 1 0 1 0 0 1 1 1 0 1 0 0 0 1
char 28 q r q t n d q d p p t b n m e p q d a j r d f c b r c s
char 29 p g t r m a q e k h o p d l n r r o q f l m q f h j p k m
int 32 39 12 15 83 92 44 68 31 77 20 53 7 73 64 55 47 51 95 1 46 89 40 75 91 57 38 15 94 93 68 49 54
bool 32 1 0 1 1 0 0 0 0 0 0 1 1 0 1 0 0 0 1 1 1 1 1 1 0 0 0 1 1 0 0 1 1
int 33 6 83 72 23 37 59 15 24 15 64 38 83 92 70 2 96 8 70 14 57 23 20 85 24 79 78 5 25 76 9 37 36 52
int 33 85 15 3 80 33 3 17 6 82 21 79 79 36 44 42 50 10 77 54 67 88 19 67 87 92 59 83 52 21 67 40 2 68
bool 36 1 1 0 1 0 1 0 1 1 1 1 0 0 0 1 0 0 1 0 0 0 1 0 0 1 0 1 0 1 0 0 0 1 0 0 0
double 41 3.34 3.63 1.99 1.41 3.84 4.19 9.71 0.77 8.28 0.84 7.75 7.02 0.79 0.4 4.77 2.44 9.58 4.51 2.48 6.77 0.19 3.96 6.43 3.81 5.27 5.83 0.92 9.68 3.51 7.31 5.29 5.92 8.13 1.46 2.33 1.9 4.99 8.99 1.54 8.59 1.51
double 41 6.48 3.9 1.02 0.03 6.64 2.42 1.3 8.74 5.84 8.63 2.51 6.93 8.07 2.04 3.93 2.18 1.84 9.32 0.62 9.01 0.17 1.09 5.95 3.14 6.69 1.23 7.6 2.24 3.36 7.94 2.14 3.5 6.22 1.22 3 7.49 5.58 0.5 4.18 1.04 9.06
int 42 42 86 89 61 70 59 58 22 82 48 23 71 46 26 74 2 48 23 93 12 71 14 13 63 97 66 11 98 63 86 20 24 41 5 88 8 29 96 19 78 18 52
double 45 9.5 2.57 9.09 9.89 4.73 8.31 6.99 9.63 6.44 2.88 1.7 7.93 5.54 5.44 7.84 9.03 9.58 6.94 4.9 6.5 2.94 7.88 1.77 4.76 6.03 3.41 2.2 2.03 3.7 8.5 3.97 2.69 3.62 8.55 8.43 2.98 2.01 8.18 8.13 6.12 9.19 0.75 8.38 9.73 9.29
char 46 i n i k b t m j f f n a o k i r g o o k j c j k f d l g n k i c p t l h a i c g j e f b p c
double 47 4.98 3.36 1.57 2.61 4.06 2.41 2.39 1.08 9.68 4.46 6.26 0.39 9.57 1.31 4.53 4.2 1.25 2.5 6.04 0.89 6.06 4.13 7.67 6.95 6 7.58 0.52 8.95 7.16 4.7 5.46 3.62 3.01 5.18 2.36 4.33 3.7 8.07 8.51 5.06 7.8 0.32 0.39 5.81 8.4 5.92 3.27
bool 47 1 0 1 1 0 1 1 0 0 0 1 1 0 1 0 1 0 0 0 0 1 0 1 1 1 1 0 1 0 0 1 1 1 0 0 1 0 1 1 1 0 1 0 1 1 0 1
bool 48 1 0 1 1 1 0 1 0 0 0 1 0 0 1 1 0 0 1 1 1 1 0 1 1 0 1 0 0 1 0 0 1 0 0 0 1 1 0 0 1 1 1 1 0 0 0 0 0
char 48 o h o q e b d o c g k b f d t n n o g c f k a m b i o k e k b m f k k q l d e g r s m f o t q g
bool 48 1 0 0 0 0 1 0 1 0 0 0 0 0 0 1 1 0 1 0 0 1 1 1 1 1 0 0 1 0 1 1 1 1 1 1 1 1 1 1 1 1 1 0 0 0 1 0 0
char 50 c i f c p o i e e p i h t m f g d j l e l s e t m e k t t e s r o j k r q j n c d q c a n m m q q f
int 52 19 69 94 33 33 71 79 81 64 92 38 96 61 30 29 67 26 60 12 40 99 44 16 17 85 90 17 87 20 64 85 4 12 78 14 56 9 32 47 96 89 98 6 51 35 49 3 42 33 37 10 45
char 52 d s j r h t j m c m t o l o m m m t g o s j q h e j t o q e i s p n l t r n p t i l i b s d j t n o t b
bool 53 0 1 1 0 0 0 1 1 1 0 0 0 0 1 0 0 0 0 0 0 1 1 0 1 1 1 0 0 0 0 0 0 1 1 0 1 0 0 0 1 0 1 0 1 0 1 1 1 1 1 1 1 0
int 55 1 17 6 8 40 39 31 3 9 2 88 65 51 4 28 54 27 25 19 46 3 91 10 60 32 85 86 56 91 1 15 39 30 13 45 28 22 88 12 64 39 73 6 81 81 53 46 48 22 43 30 27 30 28 94
char 58 h k d r f n d g j h o p o q d c f i d r t g f g l i e s c h h l g b k a g g r f p e o l k f d j q j c a f o k e h g
bool 58 0 0 0 0 0 0 0 1 1 1 0 0 0 0 0 0 0 1 0 0 0 1 0 1 1 1 1 0 1 0 0 0 1 1 0 0 0 0 0 1 0 1 0 0 1 1 1 1 0 0 1 1 1 1 0 1 1 1
bool 59 0 1 0 1 0 1 1 1 0 1 0 1 0 0 0 1 1 0 1 1 0 1 1 0 0 0 0 0 0 0 0 1 1 1 0 1 0 1 1 0 0 0 1 1 1 0 0 1 0 1 1 0 0 1 0 0 0 0 0
bool 60 1 1 0 1 1 0 0 1 0 1 1 1 1 1 0 1 0 0 0 1 1 1 0 0 1 0 0 0 1 1 1 1 0 0 1 0 1 1 1 1 1 1 1 1 0 1 0 0 1 0 1 0 0 0 1 1 1 1 1 1
int 60 54 30 42 77 31 67 79 47 46 34 59 68 28 61 57 41 37 50 15 79 99 81 1 8 15 66 53 18 78 73 76 46 1 46 40 70 38 73 65 30 50 71 58 81 26 57 32 73 24 63 60 91 77 79 11 97 29 81 87 99
char 62 r r t j t m k o p h p j q l e p s h a h i i k h c h s s n n o f r l r g r t d f i r m p o i n c g k h h h s b g n g h n p e
char 63 h q a b l n k m o n g h r a q q c n t c f r q p h d k t i n l h c r f l c j d a o d c c l r l c e p s t g t f d q d n l j b s
double 65 8.37 9.48 2.43 9.42 6.37 6.51 1.08 5.12 7.03 3.54 3.4 1.19 4.11 5.09 1.04 5.89 9.32 4.19 6.66 0.19 2.92 9.96 2.96 5.19 9.51 4.86 1.18 4.78 3.79 5.75 3.81 9.12 5.69 1.48 5.2 2.53 8.34 4.26 8.56 0.99 9.92 5.86 5.25 3.74 1.46 8.44 6.91 6.03 5.59 4.54 4.95 5.33 9.38 5.83 9.83 9.89 2.1 4.54 9.22 6.15 0.3 7.02 0.31 5.55 5.73
int 66 32 4 74 94 90 64 77 56 67 60 46 90 53 77 25 73 73 6 46 79 31 54 84 85 38 61 64 51 97 49 34 40 85 9 42 48 61 3 58 58 71 40 4 70 69 11 73 48 51 43 5 24 54 27 72 6 4 46 69 28 69 40 90 38 32 20
char 67 p k i a p f i d b o e p g m l s e c f j t o g q k i f o s a g h a d m k s m g e l g n i h j d h a t f f p l c c p n s q d b p f g k g
bool 68 1 1 0 0 1 0 0 0 1 1 1 0 1 1 0 0 1 0 1 0 1 0 0 0 0 0 0 1 0 0 0 0 0 1 1 0 0 0 0 0 0 0 1 0 0 1 1 0 1 0 0 1 1 0 0 0 1 1 1 0 1 0 1 1 0 0 0 0
bool 69 1 0 0 1 0 1 0 0 1 1 1 0 1 1 1 1 1 0 0 1 1 0 0 0 1 1 1 0 0 0 0 1 1 1 1 1 1 1 0 0 1 0 0 0 1 0 0 1 1 1 1 1 1 1 1 1 0 1 0 1 0 0 1 0 1 1 0 0 1
bool 70 1 1 0 1 1 1 0 1 0 0 0 0 1 1 1 0 0 0 1 1 0 0 1 1 0 0 1 0 1 0 0 1 1 0 1 0 1 0 1 0 1 0 1 0 0 0 0 0 1 1 0 1 1 0 1 1 0 0 1 0 0 1 0 0 1 1 1 1 0 0
double 70 5.64 9.87 2.01 0.56 5.35 1.55 8.86 2.28 9.06 4.05 6.13 5.08 2.81 3.43 8.85 3.72 9.24 0.76 2.09 3.86 1.09 7.4 8.01 3.96 2.29 4.83 6.56 1.12 2.85 3.45 1.89 7.56 8.41 3.38 8.39 6.53 8.79 6.1 2.75 4.76 4.65 7.9 9.96 6.29 1.34 5.9 6.8 9.72 1.83 9.61 4.13 1.38 1.18 9.25 9.49 9.22 5.58 8.12 4.02 2.86 8.5 7 8.91 6.84 1.71 2.88 6.04 8.88 0.18 9.17
char 70 t g p r t a j o j p c n b f q c c r l f i k t c f l i e d l s q b m b j f i e p p r b i p j h s c f r r k t k p g l r p a l q b r f g j r d
char 71 f p h s i q q q q k j d p d f k a r q q i c s g h g l c b a p n j g c q o m e j p b q a h b d c g i n f a m m m a b o m p j b d l k t a a l r
int 71 55 20 37 47 92 32 38 50 61 20 96 96 4 44 8 33 71 93 77 23 35 98 56 7 50 91 82 40 32 37 61 69 49 77 56 71 66 24 45 40 99 75 88 56 54 64 54 17 51 23 48 39 39 98 13 74 5 77 64 86 72 78 94 42 58 24 4 96 1 66 16
int 72 31 7 36 11 28 20 64 94 30 6 42 3 31 94 90 90 98 16 11 25 81 82 29 48 8 27 71 9 66 22 46 83 15 34 47 22 11 21 3 81 47 42 33 44 87 29 29 65 98 87 38 64 9 12 34 82 96 29 55 62 76 63 53 16 53 84 51 49 38 31 51 62
bool 73 1 0 1 1 0 0 1 1 0 0 0 1 0 0 0 0 0 1 1 1 0 0 1 1 0 0 1 1 0 0 0 1 0 1 0 1 1 1 1 1 1 1 1 0 1 0 0 0 0 1 1 1 1 0 0 1 0 0 0 1 0 0 1 1 0 0 1 1 1 1 1 0 0
int 75 15 34 20 62 82 65 33 49 5 21 99 54 32 21 82 88 75 41 9 95 39 44 55 29 87 16 61 10 82 12 40 72 38 72 85 53 54 68 86 64 40 7 44 60 29 23 86 30 18 65 63 73 77 69 63 94 25 78 22 51 45 8 45 62 31 49 6 24 40 59 1 42 8 96 91
bool 76 1 1 1 0 1 1 1 0 1 1 1 1 1 0 1 1 1 0 0 0 0 0 1 0 1 1 0 0 0 1 0 0 0 1 0 1 1 1 1 0 1 1 1 1 1 1 0 1 0 0 1 0 0 1 1 1 0 1 1 1 0 0 0 0 1 1 1 0 1 1 0 1 0 0 1 1
int 78 38 84 52 16 58 13 16 84 61 84 31 17 29 50 93 16 53 3 32 50 70 46 70 40 29 41 31 64 42 57 87 31 20 77 24 78 35 21 74 41 90 54 51 8 29 67 76 67 38 38 59 43 62 6 6 45 66 7 23 49 43 15 2 59 67 63 9 38 79 97 41 74 91 63 58 21 60 63
char 79 l b b j c h s c c l i h t k g h g i t k s l a q e t j d q e t i l r o s q e k b b j j n l f h f a p g g f b b m n o h f j n d e a d o l a h j k p a k j d g t
char 79 r s g n e i e j b m h o l i q h c g m t l c k c q n e h i m k o d k g o r k s d b a j s h a k p s f q l r h s i p a t h b d l k m p l d e d k s l i p h b i s
bool 80 1 0 1 1 0 1 1 0 1 1 1 0 0 0 1 0 1 1 1 0 0 1 1 1 1 1 1 0 0 0 1 1 1 0 1 1 0 1 0 1 0 0 0 0 1 0 1 1 0 0 0 1 1 0 1 0 1 0 1 1 0 0 0 0 1 0 1 1 1 1 1 0 1 0 1 1 0 0 1 0
char 80 o t s d o e l o h r t h l g p p e r t i e c l g r f h h e c m f d a d b j h d p a j b f k d g k b g a n p d o q i q r r k c g g b m f q a g d n b b f k g k j p
char 82 r d g m d d o t s m e k b a j c l r q r k r q i e r h j q s t t h r g m s t q e l n r b f k p n m b l l h r c s g a f f g q j g r l q j r c g j i m p c p a s o d r
double 82 9.53 9.88 4.71 2.71 3.45 9.95 9.99 3.14 9.09 2.16 4.6 8.26 7.08 4.66 9.33 4.34 6.22 6.92 2.75 5.38 0.82 8.95 6.2 4.19 2.81 0.79 0.46 8.79 1.68 1.16 5.04 0.32 7.96 8.29 5.31 8.15 7.09 8.82 7.37 6.92 7.31 2.86 6.84 6.02 3.94 7.6 7.51 8.24 3.39 4.64 8.63 0.87 2.74 1.18 1.44 8.7 1 7.38 1.5 0.16 1.23 6.24 4.26 3.82 0.8 0.23 9.12 8.05 4.02 7.22 1.01 0.13 5.13 0.14 8.01 4.14 5.37 3.63 2.48 4.97 0.89 6.32
double 82 2.83 1.73 9.14 7 7.36 2.77 7.51 9.35 6.8 5.69 2.16 4.58 9.9 5.91 1.44 3.62 6.02 9.86 9.22 3.06 8.48 9.62 5.81 2.43 7.24 8.9 3.61 2.63 3.8 5.72 1.41 4.07 1.16 0.19 3.29 4.44 2.31 3.69 4.37 0.14 2.8 8.3 5.52 7.8 9.67 7.64 6.26 3.74 5.87 0.75 3 4.56 7.08 8.29 3.65 0.27 3.72 0.95 9.42 0.37 8.09 1.32 4.19 8.79 2.28 3.36 0.64 9.67 9.56 2.55 0.19 2.32 5.6 0.55 8.73 9.81 5.77 8.67 9.88 5.61 5.25 4
double 82 2.02 8.62 7.72 3.02 8.41 1.72 8.48 4.52 9.33 0.9 8.61 4.49 1.1 4.78 0.4 6 1.13 4.02 1.72 8.55 0.43 5.44 7.94 8.87 2.94 7.06 4.38 9.41 7.37 0.17 9.99 7.89 0.26 5.27 1.52 1.53 3.27 8.92 5.82 1.5 2.23 6.03 7.01 7.32 1.87 5.98 4.2 5.18 1.64 5.06 0.63 8.79 4.2 8.3 5.45 7.15 4.18 0.92 6.6 8.56 1.82 7.26 5.81 5.23 6.03 8.49 5.21 9.88 4.49 3.14 4.5 4.5 3.91 2.6 0.29 7.68 6.94 7.15 6.25 9.56 0.86 5.49
char 83 q h d k b h c k t n o l g t p j t j i c h j s e k m o s k m j s h q q r r r d q n i r k d j p t i t f p q k n m o g c q b s o f l j k n f i l h h j h s n j o a g o p
bool 83 0 0 0 0 1 0 0 1 0 0 0 1 0 0 0 0 0 1 0 0 0 0 1 0 1 0 0 0 1 1 0 1 0 0 1 0 0 1 0 0 1 1 0 1 1 0 0 0 1 1 1 1 0 1 0 1 0 0 0 0 1 1 1 1 0 0 1 0 1 1 0 1 1 0 0 0 1 0 0 1 0 0 0
bool 83 1 0 1 0 1 1 0 0 1 1 0 0 0 1 0 0 1 0 0 0 0 1 1 0 1 1 1 1 0 0 1 0 0 1 0 0 0 1 0 1 0 1 0 1 0 0 1 1 0 0 0 1 0 0 1 1 0 0 1 0 0 0 1 0 0 1 1 0 1 0 0 0 1 1 1 1 0 1 1 0 1 1 0
int 87 70 61 38 78 69 20 53 7 40 90 77 68 44 15 41 96 50 6 73 81 67 70 84 49 60 30 83 21 39 51 50 45 78 3 48 33 10 94 6 26 92 90 57 62 7 86 21 8 72 17 66 94 89 21 14 91 12 68 2 47 49 14 42 21 41 76 78 34 2 44 33 27 16 64 11 75 22 49 27 82 49 28 60 34 84 89 62
double 88 1.28 3.01 3.32 5.44 2.36 8.67 8.04 9.8 6.14 6.78 3.34 6.5 4.43 9.63 4.71 5.37 8.01 8.15 7.37 4.25 3.44 6.16 7.79 3.3 8.52 3.88 6.84 4.37 3.4 3.18 5.9 4.69 3.8 9.77 0.17 7.91 0.46 7.19 5.07 3.61 4.65 9.36 3.8 4.72 4.83 7.45 9.41 4.64 8.23 4.38 5.41 4.98 2.06 6.78 7.64 9.98 6.13 0.02 2.69 3.92 5.73 8.36 8.93 5.44 9.18 7.18 8.48 0.8 7.38 9.25 5.87 8.86 4.32 0.87 1.33 3.9 6.57 6.05 3.77 4.3 4.34 7.92 3.17 9.3 0.95 3.1 9.5 5.29
double 88 9.75 3.16 7.14 0.63 0.12 5.72 9.67 2.04 1.99 6.46 8.45 9.87 8.25 9.84 7.25 2.77 4.76 2.48 9.89 8.35 9.47 4.9 2.85 4.8 5.29 5.44 9.02 7.44 6.94 5.86 5.03 3.43 1.42 4.72 9.7 7.06 8.67 6.24 3.82 7.66 8.14 3.96 8.25 2.14 8.21 5.42 4.79 6.4 6.06 4.89 8.16 9.62 1.11 2.93 3.85 8.28 6.96 5.09 1.09 0.1 8.24 8.78 5.32 6.86 5.32 2.88 2.93 6.49 9.65 3.95 1.69 0.44 0.59 9.43 1.92 7.72 8.18 7.47 2.94 9.28 9.71 1.15 9.73 2.86 4.9 0.64 0.96 8.42
double 89 7.72 1.38 7.16 8 5.93 6.68 0.66 4.97 1.22 7.15 1.96 8.55 3.4 3.94 8.98 4.55 1.54 3.25 0.93 1.54 0.52 1.69 1.03 3.9 1.25 1.8 3.1 8.4 6.41 1.99 2.62 4.65 8.47 9.54 0.77 6.72 8.38 4.41 9.2 6.48 8.35 3.28 9.07 3.76 3.9 5.7 6.54 6.63 1.49 9.91 9.75 9.49 2.23 2.21 9.55 5.15 3.44 8.8 8.18 4.15 0.21 7.28 5.41 1.68 3.45 1.21 8.07 5.7 9.72 7.68 9.38 3.09 6.68 2.79 7.25 0.65 1.03 3.99 5.17 0.95 5.44 1.22 6.4 1.91 3.2 4.37 4.18 2.12 2.6
int 90 82 10 73 70 34 18 91 13 45 67 7 55 68 55 87 54 44 68 57 45 59 43 78 97 91 90 47 75 91 40 58 91 31 90 32 14 58 37 5 6 26 92 39 51 87 14 35 79 87 29 91 21 72 1 49 9 63 79 38 80 11 58 14 55 42 87 99 56 81 31 57 8 63 34 87 54 55 68 9 73 57 50 77 35 9 10 29 51 72 24
int 90 48 88 10 5 72 64 97 74 85 89 57 37 24 38 25 55 13 1 59 11 99 86 66 58 37 67 89 75 35 27 1 92 12 53 74 74 21 36 45 12 85 61 27 26 11 67 50 65 27 15 62 83 60 22 48 75 21 88 56 8 90 51 28 83 6 14 23 52 39 43 73 23 61 84 58 93 1 77 75 76 29 11 84 57 95 24 51 79 19 82
double 90 7.92 1.44 8.06 0.28 1.19 6.42 3 8.15 3.57 4.93 8.1 8.06 2.94 6.47 2.2 2.88 2.74 8.58 6.23 3.53 2.03 7.01 2.87 9.38 7.91 9.93 9.17 2.12 4.63 5.85 0.97 2.25 5.2 7.06 1.55 0.94 3.92 6.71 8.97 6.2 5.83 3.8 1.79 0.5 5.84 3.71 3.87 3.95 9.58 6.02 4.31 4.16 2.23 1.27 4.52 8.84 2.68 2.54 1.64 1.69 3.02 6.54 2.71 5.8 0.44 3.59 1.28 7.95 8 8.5 7.75 1.26 5.06 9.68 4.72 7.59 9.94 4.75 7.76 7.05 5.24 6.83 4.17 8.84 9.02 2.47 8.86 9.79 4.81 8.82
bool 90 0 0 1 0 1 1 0 0 1 0 1 0 0 1 1 1 1 1 1 1 0 1 0 1 1 0 0 0 0 1 1 0 1 1 0 1 1 0 0 1 0 0 0 1 1 1 1 1 1 1 1 1 0 0 1 0 0 0 0 0 0 0 0 1 0 1 0 1 0 0 0 0 1 0 0 0 1 1 0 1 1 0 1 1 1 0 1 0 0 0
bool 91 1 1 0 0 1 0 1 1 1 0 1 1 0 1 0 0 0 1 1 1 0 1 1 0 1 1 1 1 1 0 0 1 1 1 1 0 1 0 0 0 1 0 0 0 1 0 1 1 1 0 0 0 1 1 0 1 0 1 0 0 1 0 0 0 0 0 0 0 0 0 1 1 0 0 0 1 1 0 1 1 1 0 1 0 0 1 0 1 0 1 0
bool 92 1 0 1 1 0 1 1 0 0 1 1 1 1 0 1 1 1 1 1 1 1 0 1 0 1 0 0 1 1 1 1 1 1 1 0 0 1 1 0 1 1 0 0 1 1 1 0 0 1 0 1 0 1 0 1 0 0 0 1 0 1 1 1 0 0 0 0 0 0 0 0 1 0 1 0 0 1 0 0 1 0 0 0 0 0 1 1 0 1 1 0 1
bool 92 0 1 0 1 0 1 0 0 0 1 1 1 1 0 0 1 0 0 0 0 1 0 1 1 0 0 1 1 1 1 0 0 0 0 1 1 1 0 1 0 1 0 0 0 1 0 0 1 0 1 1 1 0 0 1 0 0 0 0 0 0 0 0 0 1 1 0 1 1 0 1 0 1 0 1 0 1 1 0 1 1 0 1 1 0 0 0 1 0 1 1 0
int 93 15 13 89 33 58 99 78 46 42 27 17 19 47 4 61 32 30 25 95 94 96 46 84 33 14 30 8 18 84 18 2 5 93 24 6 8 44 2 67 3 5 46 28 18 64 39 5 4 11 34 53 96 34 89 27 54 66 37 23 42 63 29 4 30 54 40 31 35 55 69 73 63 33 35 34 62 80 94 99 14 82 3 8 68 58 93 39 51 99 77 5 47 62
int 94 67 77 6 99 35 12 11 21 22 81 79 13 24 10 63 97 33 28 4 90 21 87 90 64 99 93 52 71 63 3 31 29 60 12 77 22 68 59 48 75 94 58 84 46 6 72 13 1 39 10 58 53 23 37 7 87 50 34 56 44 39 8 28 88 41 36 26 77 29 39 15 68 46 49 9 14 51 24 4 1 19 68 91 52 75 54 99 55 47 18 40 86 29 9
double 96 3.67 5.33 1.72 3.81 9.45 9.79 3.94 9.95 5.23 1.24 9.76 4.5 1.02 3.4 1.52 9.72 1.13 7.04 8.65 7.83 7.36 4.72 1.52 3.6 2.31 6.51 8.09 6.4 6.4 1.75 2.75 6.51 8.49 5.33 8.85 7.09 6.26 5.32 5.42 0.07 9.1 4.71 8.62 4.64 0.13 6.17 5.68 4.43 9.43 6.8 5.67 0.15 1.84 2.77 4.85 2.15 1.21 7.32 1.68 2.77 4.23 4.94 7.4 1.32 3.08 5.13 4.61 1.03 3.54 7.49 6.3 4.55 3.68 2.99 4.95 2.57 2.8 6.13 3.47 5.13 2.5 4.61 3.49 4.1 9.18 3.87 9.01 4.65 8.52 7.56 6.66 7.04 3.02 1.79 3.19 9.81
bool 96 0 1 0 1 0 1 0 0 1 0 0 1 1 1 1 0 0 0 0 1 0 1 0 1 0 1 1 0 0 1 0 1 1 0 1 1 0 0 0 1 0 0 1 0 0 0 1 1 1 0 0 1 0 0 1 1 0 0 0 0 0 0 1 1 0 0 0 0 1 0 0 0 1 1 0 0 0 1 1 1 0 1 0 1 1 0 1 0 0 1 1 1 1 1 1 0
bool 97 1 1 0 1 0 0 0 0 1 0 0 0 1 1 0 0 0 0 1 1 0 0 0 1 1 0 1 0 1 1 0 1 0 1 0 0 0 0 0 0 0 0 0 0 0 1 1 1 0 1 1 1 0 0 1 0 1 1 0 1 0 1 1 0 0 0 1 0 1 0 0 1 0 0 0 1 0 1 0 0 1 1 1 0 1 1 0 0 1 1 0 0 1 1 1 1 0
bool 98 0 1 0 1 1 0 0 0 0 0 1 1 1 0 0 1 0 1 0 0 0 0 0 0 1 1 1 1 0 1 0 0 1 1 1 0 0 0 0 1 0 0 0 1 0 1 1 1 1 1 1 1 0 1 1 1 1 0 1 1 1 0 0 1 1 1 1 1 0 0 1 1 1 1 1 0 0 0 0 0 0 0 0 1 0 1 0 1 1 1 1 1 1 0 1 1 1 1
int 99 40 60 93 48 83 88 45 78 52 53 53 58 58 60 54 78 12 72 45 47 56 54 45 84 57 65 12 19 10 93 30 78 99 65 67 19 87 67 82 30 85 30 28 96 88 85 79 17 67 88 42 93 49 29 70 20 56 64 34 17 10 78 58 88 91 4 82 80 41 27 25 82 61 30 73 63 16 64 54 69 24 77 47 77 72 37 27 10 59 92 80 60 13 45 31 62 99 52 52
int 99 91 38 80 86 54 65 38 45 88 13 76 53 58 4 7 62 54 35 61 97 11 45 98 45 93 6 6 20 25 3 89 7 53 3 70 1 68 33 25 76 80 68 90 48 77 47 12 34 60 4 73 11 34 53 7 80 36 3 13 60 64 13 56 55 40 13 6 97 84 52 74 50 61 62 88 49 54 83 11 5 51 10 52 97 11 65 6 67 33 13 65 91 52 86 59 13 34 43 91
int 100 41 77 91 68 45 61 18 16 89 82 67 41 93 88 59 89 16 53 78 38 1 24 51 20 80 43 16 26 95 49 57 37 20 12 47 41 47 74 26 84 36 69 97 96 60 18 60 9 55 53 48 85 96 28 87 43 74 12 50 87 33 27 18 37 79 82 24 80 11 60 95 71 39 14 91 49 24 92 18 11 60 88 67 39 57 31 92 50 13 92 33 22 2 79 97 54 95 12 96 32
int 102 84 94 37 83 7 31 52 59 26 76 24 67 81 15 90 92 8 22 19 31 23 47 65 52 72 24 19 87 8 27 70 27 77 50 38 46 42 26 6 50 46 52 62 2 91 48 82 48 39 50 30 2 47 53 85 66 98 74 59 85 85 24 18 27 21 20 7 35 72 70 36 90 25 31 77 88 16 86 59 32 54 25 56 66 88 78 12 74 36 58 57 62 67 48 86 17 78 26 11 89 65 78
char 102 g f p i m s e r p p m o t f o r m p r s k k j t r t m d g r c p k c q h a g o d o l p c h m r m c t s q f b i e s b j r c p o e k r q q j h c l f n d a r p k c a a g f t o g h d j r q c l h h t t l g q g
int 102 97 14 64 48 62 29 23 47 4 25 63 94 62 12 73 94 92 94 61 31 88 81 31 13 67 19 86 67 68 99 26 79 33 56 1 78 66 16 36 25 16 59 67 23 10 32 54 36 51 72 17 62 38 32 82 76 94 30 75 72 72 44 87 40 87 2 30 37 99 93 78 1 13 95 46 33 60 78 58 12 14 21 83 77 16 22 50 62 99 28 18 62 65 7 71 67 45 91 51 1 91 93
double 102 6.32 5.6 2.56 6.82 8.01 9.57 0.05 8.32 3.2 5.12 6.28 1.76 2.64 3.09 5.08 4.2 7.68 0.79 4.62 2.38 4.47 2.94 3.42 3.06 1.33 4.64 7.1 6.44 1.33 5.15 9.3 4.73 1.85 1.05 0.72 0.92 4 8.1 4.01 3.5 8.43 5.35 9.14 3.05 0.03 4.59 2.1 5.79 2.1 0.38 1.67 9.98 3.11 2.47 3.67 2.84 5.09 9.73 5.5 3.18 9 7.44 4.39 6.84 7.75 5.43 0.76 9.2 4.39 4.5 8.68 6.29 1.43 9.73 8.7 6.32 4.03 1.35 3.44 1.83 8.72 6.56 9.28 6.55 9.38 3.82 6.46 9.4 4.19 7.4 2.18 0.34 9.12 9.93 4.48 4.63 1.25 6.88 6.1 0.17 3.5 9.21
bool 103 1 1 0 1 0 1 0 0 1 1 1 0 0 1 0 1 0 1 1 1 0 1 1 0 0 0 1 0 1 0 0 0 1 1 1 1 0 1 1 0 1 1 1 1 1 1 0 0 1 0 0 1 0 1 1 1 0 0 1 0 1 1 1 1 1 0 0 0 0 0 1 1 1 0 1 1 0 1 1 0 1 0 0 1 1 0 1 0 1 0 1 1 1 1 1 0 0 1 0 1 0 1 0
double 105 0.75 1.43 6.55 6.05 5.1 3.6 1.39 1.75 7.29 3.38 0.89 9.53 2.68 9.39 0.57 3.19 0.95 2.79 7.63 8.42 9.42 1.24 1.18 4.89 7.76 6.81 8.56 2.28 2.63 9.61 8.9 2.14 6.69 3.14 7.64 5.42 1.19 1.36 7.98 7.18 9.41 5.89 7.23 2.84 7 1.76 4.36 1.32 7.69 0.59 4.92 4.44 7.85 0.6 3.02 2.57 5.25 1.99 6.1 7.01 2.42 0.12 9.27 7.04 5.46 4.91 6.06 3.16 7.64 3.3 4.54 8.26 9.25 2.72 5.54 4.03 5.8 7.72 4.34 1.51 6.18 6.85 8.9 6.48 9.39 5.97 5.59 1.11 6.41 6.47 6.7 7.55 8.39 4.23 8.02 1.17 1.01 0.44 0.4 6.15 3.53 8.43 3.64 6.65 7.92
bool 107 0 1 0 0 0 1 1 1 0 1 0 0 0 0 0 1 1 1 0 1 1 1 0 1 0 0 0 1 1 1 1 1 0 0 0 0 0 1 0 1 0 0 1 1 1 0 0 1 1 0 1 1 1 1 1 0 0 1 1 1 0 1 0 0 0 0 0 0 0 0 1 0 0 0 1 0 1 0 1 1 1 1 1 1 1 1 1 1 1 0 1 0 1 1 0 1 0 0 0 0 0 1 1 0 1 0 0
int 108 89 50 37 59 71 41 42 6 80 6 99 11 90 66 39 87 38 90 7 17 84 66 60 43 89 49 93 88 59 8 60 47 4 93 6 29 26 31 75 42 13 3 83 42 66 74 94 28 47 31 59 48 7 17 73 34 76 24 66 23 69 77 71 73 87 19 4 49 53 28 16 21 6 90 97 42 19 27 22 37 80 15 7 84 43 42 98 14 16 6 34 43 24 95 62 34 46 31 45 29 61 21 5 98 63 46 4 52
int 109 99 88 96 57 19 50 37 12 46 78 37 64 18 26 6 58 86 91 86 8 53 88 20 30 26 72 93 86 21 51 39 32 97 91 30 74 81 72 61 36 98 98 36 13 14 63 67 70 65 95 73 36 93 58 13 65 89 55 12 47 7 46 66 63 27 43 39 18 73 44 42 63 17 65 41 2 42 80 52 18 25 69 81 29 32 14 69 47 36 37 22 28 56 66 42 31 91 54 60 83 31 55 90 81 11 17 5 97 21
