10 2 8 8 13 18 1 15 13 5 14 3
10 1 5 9 15 14 9 1 17 15 5 4
10 1 1 17 11 8 17 18 17 17 14 4
18 15 16 8 22 33 32 5 4 9 14 35 21 13 21 31 23 27 29 2
22 11 14 26 33 37 37 24 14 11 8 11 9 14 12 31 39 23 35 22 21 21 5 20
22 8 3 11 42 8 38 23 32 5 9 21 27 20 4 28 41 23 26 24 29 13 25 8
22 15 6 18 35 12 4 37 38 41 33 20 41 33 23 6 31 5 24 24 18 5 31 8
30 7 15 31 32 28 58 50 27 57 49 6 50 31 52 23 52 1 51 10 21 33 48 30 20 39 54 52 54 10 12 59
30 18 59 32 12 43 1 33 2 1 56 18 11 40 36 20 4 59 9 4 35 10 16 39 40 38 48 52 48 20 2 20
30 15 23 37 24 4 33 50 7 59 9 49 44 24 51 32 59 14 27 23 40 39 50 33 31 1 5 33 29 56 33 1
34 17 8 8 23 32 63 29 24 46 16 19 13 33 26 19 34 13 34 4 26 46 41 61 23 12 11 58 49 43 41 56 17 60 23 3
38 18 68 48 32 75 11 24 28 35 22 10 37 63 9 25 57 43 4 39 44 64 50 26 43 63 75 53 17 43 5 28 28 56 46 71 31 1 42 53
42 28 39 17 70 13 60 34 78 82 28 60 13 58 50 45 35 48 34 45 39 32 6 43 78 71 19 71 39 7 38 77 15 46 76 71 32 7 32 83 24 37 82 63
46 27 71 74 75 12 20 39 70 13 51 68 60 83 25 32 36 4 19 5 81 87 88 9 13 84 25 51 81 59 72 1 39 76 20 9 83 65 90 45 40 25 34 46 23 43 65 11
54 14 16 41 22 52 53 94 5 96 46 55 79 103 10 95 106 50 78 99 57 81 23 67 47 66 45 18 89 39 31 11 64 31 30 96 72 42 100 17 99 13 1 92 10 44 41 88 51 18 106 61 79 69 54 32
54 37 106 70 66 86 19 47 0 44 33 23 59 29 37 47 50 10 44 8 10 102 65 19 83 48 39 99 11 35 43 22 30 53 51 52 94 84 69 53 61 13 80 19 105 29 27 24 34 95 19 72 77 33 14 4
66 11 65 5 51 94 60 88 123 42 122 18 15 87 45 81 17 28 34 78 54 13 31 37 20 61 43 45 90 4 72 107 129 53 83 111 92 24 40 30 130 90 95 92 41 124 10 85 67 7 112 82 108 118 48 70 13 56 84 15 7 27 37 30 11 103 61 66
70 43 6 51 117 120 42 80 1 35 68 80 45 101 113 134 77 72 66 48 0 95 76 97 91 61 104 103 4 83 83 119 120 33 99 87 105 0 120 5 122 30 123 132 130 27 124 43 22 134 27 86 76 112 66 76 118 116 4 19 114 68 14 138 22 66 102 16 24 131 39 80
74 21 44 29 97 135 33 56 55 6 89 3 145 79 127 9 54 128 54 21 138 28 5 115 4 134 124 74 22 12 105 106 78 30 107 78 3 106 14 13 109 16 56 35 56 73 6 67 65 17 119 85 90 33 87 34 112 11 32 29 71 99 23 47 91 77 14 24 147 119 101 137 120 39 34 82
82 29 118 155 145 49 44 156 150 15 84 60 109 61 152 77 7 79 128 50 111 109 163 130 89 34 121 9 17 97 36 139 29 100 104 112 10 26 109 85 140 4 26 13 139 89 7 48 57 43 60 154 29 128 40 147 129 8 122 91 106 100 149 65 4 93 58 73 105 141 81 76 49 45 75 115 81 157 132 126 69 27 122 23
86 12 125 82 141 133 158 98 51 28 49 122 90 108 12 35 35 57 148 137 152 168 107 40 93 141 121 83 3 17 47 74 81 115 143 46 167 124 66 60 95 163 162 104 51 66 50 91 114 143 86 110 98 90 100 169 25 158 92 126 10 64 24 113 130 94 116 148 156 119 29 31 131 121 34 154 163 127 59 54 73 163 121 170 108 67 68 66
86 59 50 84 99 8 85 22 122 60 48 34 100 1 117 161 128 88 38 13 56 118 117 16 151 44 142 170 57 102 59 60 49 100 73 113 17 39 50 133 118 68 121 154 0 117 142 68 66 138 135 90 47 72 106 90 17 124 60 170 51 100 6 93 84 158 149 90 153 60 98 81 153 109 61 120 137 151 78 33 42 8 76 131 11 1 99 102
94 74 29 185 93 88 128 92 78 134 160 84 71 154 59 30 127 43 115 179 166 37 136 133 89 161 102 117 0 186 59 107 10 139 186 65 105 127 136 31 16 134 92 98 139 57 182 27 57 61 106 68 163 100 127 56 171 90 56 132 42 105 145 174 65 137 79 150 60 31 26 120 150 54 87 63 117 28 6 8 120 121 29 138 43 43 58 88 121 134 160 118 96 69 15 175
98 87 0 195 48 88 123 158 151 110 89 144 125 164 120 184 126 34 117 83 138 33 28 140 53 114 56 143 163 171 136 59 100 118 42 102 88 26 128 110 171 36 42 170 132 186 5 89 61 95 41 13 60 99 188 138 137 55 21 73 147 181 144 185 10 108 47 22 19 170 6 125 136 189 15 41 67 82 110 187 72 28 139 59 183 68 40 37 165 175 66 60 183 119 68 85 20 127 65 1
102 66 115 110 136 106 126 83 36 181 44 101 166 191 68 153 31 77 125 140 54 164 119 52 87 192 111 162 108 19 33 135 77 35 45 63 35 29 149 185 113 169 54 169 155 200 85 117 97 128 170 184 23 106 78 131 136 49 161 88 35 127 42 201 111 199 106 183 42 21 167 14 141 192 163 16 92 117 52 57 174 181 37 10 55 144 145 62 53 182 37 6 30 6 89 135 120 181 51 25 151 34 171 52
106 60 175 89 154 59 71 130 77 11 165 172 36 61 210 144 207 178 191 192 179 147 34 21 98 167 13 39 0 167 95 8 3 197 15 105 40 121 194 168 188 58 170 75 149 90 72 115 42 210 135 54 110 91 148 26 66 164 154 22 86 167 94 97 138 169 205 96 65 159 119 49 160 74 206 142 186 131 3 111 87 159 34 155 163 204 94 176 91 147 51 94 154 76 142 115 88 194 60 184 80 14 111 47 160 53 21 101
106 95 147 128 16 49 27 62 156 136 107 6 33 2 62 79 42 152 54 171 81 51 29 163 27 15 81 151 13 167 26 26 14 116 197 137 60 72 111 16 143 20 159 119 78 206 156 153 1 43 97 36 109 84 188 60 8 3 23 176 9 131 51 93 153 8 66 103 11 80 30 68 151 203 142 32 140 200 130 39 23 119 173 70 117 34 188 120 30 3 189 56 202 188 120 82 127 2 63 207 24 194 108 199 190 129 139 12
110 5 184 193 214 156 130 52 77 25 207 150 216 203 43 47 161 44 89 55 203 163 79 104 56 169 90 21 106 175 22 83 143 187 31 142 140 26 216 3 39 155 219 219 152 130 145 189 15 45 143 121 113 207 43 26 203 129 118 78 40 42 54 169 71 74 143 213 14 47 69 45 19 139 214 8 182 132 11 82 85 181 172 82 62 31 184 44 184 3 61 174 119 144 36 167 11 157 31 75 91 151 141 18 208 193 106 83 60 129 210 166
118 113 162 64 88 227 34 40 134 145 233 7 16 105 154 5 179 67 134 167 36 130 58 162 227 231 25 98 226 59 137 146 127 218 232 183 19 186 183 158 198 24 93 158 143 20 90 44 200 175 92 168 21 78 65 187 230 143 89 83 65 188 192 161 30 235 12 228 229 111 213 223 69 7 65 203 50 172 140 229 75 54 235 48 29 118 171 30 213 154 101 41 154 7 207 117 65 126 75 23 186 164 121 110 119 31 199 45 183 134 165 86 188 156 111 71 163 222 60 235
122 5 57 173 31 161 197 98 27 91 42 49 173 161 188 155 96 191 74 47 36 199 118 161 185 230 159 89 112 209 32 159 222 129 126 154 68 105 91 94 152 209 220 194 76 109 43 16 126 42 242 198 34 21 162 133 136 223 51 90 93 62 5 39 80 44 224 27 102 126 102 142 173 155 109 13 41 157 120 67 64 128 89 227 172 227 56 14 139 72 228 202 8 67 76 211 54 84 107 204 125 85 146 39 103 119 104 231 93 190 155 85 134 218 95 197 41 79 152 139 62 210 3 151
122 109 223 196 8 188 146 222 14 44 192 99 35 115 77 163 182 89 120 19 15 103 158 117 151 20 0 7 143 188 72 92 201 236 223 185 9 105 67 91 194 210 55 136 198 92 239 173 45 165 44 196 206 225 142 116 159 98 217 108 223 241 240 240 222 233 26 23 184 176 210 159 193 239 71 145 9 79 41 234 142 166 116 93 133 192 51 57 74 185 176 233 136 21 22 207 142 118 215 142 166 98 105 114 45 48 46 229 174 38 94 242 9 142 185 234 108 44 230 28 227 170 234 154
122 115 173 173 76 93 157 93 101 72 10 222 232 134 115 209 151 71 220 128 120 120 43 97 128 93 227 36 162 125 26 233 8 113 173 103 239 47 155 197 196 185 153 159 139 37 131 98 203 228 108 51 60 166 22 194 216 159 127 120 204 83 209 4 24 196 4 195 209 210 13 105 147 192 167 4 43 235 21 218 211 43 64 192 231 221 31 18 145 161 236 144 130 242 206 172 162 83 76 63 218 8 145 194 221 24 110 36 87 133 69 200 200 72 225 42 204 60 155 180 143 51 138 176
130 6 211 133 210 53 179 232 195 160 123 26 194 165 68 205 123 195 6 107 50 137 120 152 188 259 70 7 154 163 76 43 50 85 211 196 110 188 106 89 182 6 55 115 247 73 203 133 8 185 206 126 73 98 92 70 12 104 191 85 159 203 219 155 244 4 242 101 177 19 186 49 44 10 250 44 38 73 27 13 32 72 0 86 18 14 177 106 37 122 53 101 26 21 196 168 101 104 97 115 95 83 157 132 247 195 237 185 113 119 3 255 168 250 77 199 227 193 56 0 16 4 139 99 55 83 65 4 43 122 138 203
134 74 62 73 125 4 139 165 196 104 90 88 177 225 135 20 117 103 96 234 261 211 43 243 172 104 110 255 38 60 28 64 193 181 88 110 60 261 62 233 159 58 74 198 127 123 52 259 18 36 186 242 109 255 134 90 207 34 134 160 207 224 87 132 230 184 16 241 62 213 62 31 169 241 59 146 126 35 177 114 67 152 194 84 11 49 16 200 215 263 256 4 57 131 193 122 211 193 262 127 252 132 231 45 231 89 178 11 192 14 209 176 20 39 213 74 185 232 99 207 188 243 104 37 251 80 42 119 261 5 27 166 9 207 52 23
146 53 50 147 110 250 171 181 8 252 225 202 193 124 167 160 177 185 7 240 287 178 197 65 256 89 64 49 136 229 13 42 264 47 146 188 128 32 252 265 53 204 267 73 265 151 222 181 89 211 32 196 274 204 156 141 127 148 38 100 147 249 259 47 21 257 260 231 34 111 114 179 141 210 158 214 223 120 151 246 23 93 28 46 126 149 15 82 65 16 116 96 264 81 13 46 152 251 54 145 257 203 81 25 151 133 16 93 204 175 142 282 190 119 98 53 281 196 41 63 88 10 69 186 189 126 162 272 232 15 204 196 241 17 107 196 143 162 149 53 10 17 14 29 263 164 250 115
146 60 177 72 41 252 259 286 89 121 12 9 187 271 31 56 16 181 10 151 172 76 61 107 133 242 258 123 32 190 195 110 40 281 199 103 49 129 286 243 62 225 123 101 95 209 88 4 169 152 151 97 126 157 243 21 161 24 218 243 144 265 266 11 247 147 74 97 169 200 144 97 289 268 34 224 111 206 256 276 206 284 141 275 93 54 218 111 49 114 286 187 271 46 92 148 35 52 149 244 281 255 157 41 157 105 233 271 106 53 108 60 150 220 175 255 291 215 290 252 133 116 118 172 199 148 272 267 273 112 170 41 171 203 231 1 170 158 240 260 140 124 262 151 14 158 245 182
146 80 232 167 50 234 98 118 180 158 228 128 86 151 128 177 86 82 50 105 194 183 279 231 239 65 175 35 165 45 192 111 284 182 291 194 138 116 272 47 251 250 289 31 172 36 268 73 281 141 30 208 116 191 255 36 65 252 13 36 157 261 19 144 78 39 149 155 162 127 15 65 138 105 175 272 179 291 14 261 229 100 1 141 64 157 125 179 278 147 31 182 29 149 205 203 168 163 191 205 182 259 0 212 177 4 204 280 282 256 149 285 202 64 213 37 135 192 183 101 212 105 21 278 234 172 67 217 236 156 96 25 36 62 268 23 80 18 37 11 249 234 232 200 153 5 19 108
150 42 103 134 248 111 227 139 191 183 284 83 226 281 69 143 241 73 150 133 146 127 71 143 148 0 64 191 228 99 253 141 112 215 189 215 255 31 231 194 268 153 115 0 0 172 130 189 89 291 13 0 266 5 242 228 34 75 55 15 69 193 237 142 262 262 150 193 148 289 287 8 48 217 189 44 71 190 200 24 17 280 253 101 239 24 195 109 80 224 178 157 77 128 296 69 254 233 188 30 297 299 147 271 229 101 207 241 238 204 126 272 89 72 58 240 163 218 142 169 141 136 178 51 99 17 165 93 217 92 48 288 57 20 92 56 48 52 236 128 61 148 25 87 148 194 170 285 262 193 32 155
158 6 60 245 143 312 141 277 209 293 234 268 167 59 171 273 46 19 36 136 281 76 153 168 27 187 77 3 143 127 244 251 153 38 33 71 94 189 303 137 78 122 10 5 238 263 223 81 74 18 247 13 241 211 109 171 244 34 126 207 249 287 268 223 21 60 267 124 81 212 164 82 64 199 88 119 97 160 140 202 315 79 158 129 236 197 60 177 203 94 228 208 182 167 194 239 277 31 295 311 124 257 246 281 179 106 0 289 112 17 40 25 139 311 19 22 100 269 210 19 99 29 236 266 31 161 174 156 177 315 28 183 77 77 305 298 92 227 254 136 182 55 196 225 130 259 199 37 205 221 315 191 248 91 151 111 23 205 104 259
162 58 253 151 149 78 33 223 244 231 6 314 194 58 197 260 162 287 204 154 93 47 15 133 201 173 292 80 167 43 245 142 61 83 200 41 207 292 134 285 226 289 292 194 284 82 229 267 74 293 285 195 14 38 82 37 68 181 149 80 264 222 80 12 260 56 143 37 53 173 203 67 92 50 204 134 209 131 203 40 195 263 48 209 264 308 231 105 167 128 107 227 128 265 232 206 185 132 182 238 27 279 104 258 240 126 276 154 160 287 23 44 215 65 111 82 61 74 225 145 118 272 104 174 88 25 103 110 101 44 39 22 111 62 156 89 307 224 201 201 292 176 286 88 257 146 124 263 266 6 280 23 248 300 67 5 153 267 91 234 2 66 107 52
162 128 215 151 25 184 77 61 204 300 306 22 3 304 50 229 134 243 120 144 140 293 149 186 121 100 96 77 137 251 137 115 35 206 280 320 95 170 82 294 172 224 236 209 267 219 206 310 146 43 276 80 243 17 89 106 194 209 28 251 112 64 134 133 159 260 279 98 36 216 58 74 280 163 215 178 124 262 52 123 27 235 315 155 140 279 217 143 175 136 170 281 155 153 2 152 184 44 61 42 12 184 141 40 178 148 286 173 232 256 231 215 150 241 300 80 143 147 121 318 67 294 244 225 228 60 123 225 42 275 133 72 227 140 247 202 147 30 219 87 120 99 269 126 50 182 210 49 218 154 36 100 267 198 161 117 281 133 319 259 80 106 82 140
162 9 47 96 162 83 99 255 22 173 291 67 97 275 320 102 27 255 122 167 265 88 214 31 98 58 202 291 62 168 166 53 290 199 49 47 290 232 272 149 133 65 15 107 317 128 171 6 276 287 173 83 322 118 93 195 289 180 242 6 199 294 39 119 49 188 90 58 211 163 275 281 163 300 12 217 198 323 309 309 179 259 8 137 273 78 243 206 24 227 55 92 194 275 56 259 183 78 24 174 304 0 41 236 203 178 226 126 243 68 260 44 35 216 136 4 97 188 6 278 320 321 170 233 162 233 192 227 189 199 53 243 130 288 37 4 98 237 66 57 30 136 187 120 97 78 28 220 129 56 165 49 310 161 163 212 320 226 262 198 193 82 303 257
174 135 166 220 284 239 62 281 19 160 244 250 273 283 44 326 72 293 256 123 197 307 333 154 151 343 343 264 28 302 60 215 164 277 219 203 162 22 55 39 197 81 86 295 284 100 37 180 241 10 13 290 154 187 261 212 222 220 58 17 282 94 222 344 194 324 74 20 307 151 303 238 41 226 164 271 117 271 315 247 286 134 196 171 243 340 285 230 116 148 145 23 89 204 269 263 37 84 135 124 32 62 107 312 274 203 250 121 228 342 49 103 180 230 335 116 97 175 225 25 297 42 325 334 256 75 147 126 343 118 275 229 292 42 55 106 255 128 280 195 317 164 313 228 94 74 35 190 163 76 83 316 344 284 102 293 284 64 238 140 166 227 275 159 23 23 121 20 115 156 5 101 181 202 327 296
178 150 255 88 79 293 18 259 81 211 278 193 235 95 288 52 7 129 119 30 12 12 34 313 115 311 128 335 190 204 83 51 88 60 285 106 317 164 179 153 354 33 298 95 271 312 200 59 335 236 199 43 333 208 237 164 114 297 93 39 176 126 83 73 177 275 178 72 147 140 88 13 227 292 205 296 3 180 41 96 39 219 228 62 244 198 73 100 273 9 32 320 310 340 14 81 117 202 208 122 58 339 4 222 225 100 201 210 204 46 78 230 223 232 164 192 250 325 49 216 244 281 34 111 331 173 54 303 179 324 248 263 274 323 233 20 59 44 325 285 148 266 354 119 301 217 179 43 13 186 317 119 165 348 307 274 283 337 32 142 128 311 55 50 322 69 123 17 148 250 335 309 15 198 120 23 127 237 177 106
190 63 280 83 12 77 294 202 128 358 355 249 251 364 130 294 364 158 142 300 117 248 185 288 188 306 32 248 314 294 332 298 2 224 269 171 76 145 259 353 253 28 328 337 299 188 52 134 150 52 269 360 100 334 14 136 137 180 152 187 297 3 2 277 312 275 166 291 153 293 33 99 258 86 250 363 222 89 115 359 15 310 99 260 348 357 73 216 44 23 207 269 236 76 6 180 252 261 351 118 29 104 35 26 151 29 192 345 47 328 58 166 10 233 165 135 73 51 219 125 167 76 68 268 176 109 137 285 262 126 339 119 365 209 95 369 202 117 111 95 362 42 98 162 342 171 63 283 133 284 307 272 179 83 24 15 366 21 260 64 253 345 201 19 188 337 348 252 52 17 266 70 46 255 145 160 295 51 102 152 342 119 101 355 305 319 1 110 295 20 182 20
190 141 180 338 165 231 287 270 353 173 334 331 272 335 332 364 62 329 19 220 142 283 44 64 123 304 321 375 221 292 279 181 315 108 101 189 358 82 188 277 254 282 219 138 370 105 343 305 209 369 274 347 81 284 150 99 53 244 98 256 207 324 69 269 6 199 22 82 127 274 141 34 128 37 110 8 303 315 347 285 3 79 198 134 143 217 52 347 286 305 364 86 156 154 38 137 331 72 164 93 353 350 176 124 171 273 337 182 110 45 271 312 144 353 133 118 330 254 186 228 274 188 168 188 159 322 151 81 24 131 49 267 18 46 199 207 228 303 4 102 143 151 76 81 243 33 245 3 156 295 345 206 178 274 162 294 116 357 182 243 243 60 26 250 183 256 127 196 188 12 207 343 145 41 58 90 341 168 39 136 266 184 5 79 281 322 224 29 359 256 121 349
194 56 205 289 355 334 307 29 203 317 182 217 376 228 89 340 242 92 73 82 349 90 140 282 93 152 206 289 1 166 80 34 277 128 178 82 351 180 367 64 222 341 129 124 205 56 265 353 215 26 207 1 124 22 178 93 279 123 219 338 192 314 22 224 187 9 154 236 234 252 89 53 162 45 132 26 78 108 382 58 264 216 117 81 197 306 131 44 387 5 191 83 274 332 169 355 170 246 120 205 292 102 303 211 136 268 15 131 44 197 332 28 30 339 233 13 184 185 50 357 32 339 152 111 131 381 146 370 128 323 252 304 41 204 261 11 210 107 4 155 6 253 22 224 361 2 323 307 235 152 78 296 274 348 141 348 343 256 125 345 144 285 352 268 367 327 267 130 17 59 288 24 155 382 219 266 114 371 306 152 364 155 40 226 159 275 158 77 149 152 37 297 251 355 203 115
198 129 241 354 52 388 320 50 4 393 9 113 385 326 331 347 55 225 173 384 323 16 179 185 391 267 336 63 110 87 372 372 20 196 377 175 19 355 287 80 333 219 2 369 131 64 149 62 233 262 381 312 268 199 193 284 336 262 22 355 183 74 137 372 95 289 97 209 128 93 94 252 75 192 158 227 8 256 134 214 228 262 381 357 137 389 263 379 107 254 376 199 177 372 186 106 365 197 84 17 128 330 65 36 205 163 233 347 305 174 20 281 350 23 320 293 310 251 223 186 198 52 108 146 385 17 288 293 7 297 31 323 353 250 306 211 71 109 273 249 314 99 377 332 293 390 351 159 363 49 58 94 342 195 117 199 92 358 245 29 216 39 123 245 130 103 80 210 35 107 315 53 113 51 280 109 259 83 338 194 174 377 375 368 170 29 50 69 146 208 384 343 261 269 109 82 290 98 343 186
198 150 171 19 91 175 280 91 203 161 14 175 339 273 263 394 389 348 291 23 321 183 31 162 140 175 228 201 137 284 40 355 118 89 234 34 67 338 82 336 52 111 82 164 179 259 119 129 23 246 385 304 204 348 157 144 8 22 274 148 44 306 39 27 69 144 319 207 242 358 331 297 216 296 98 40 153 280 371 174 210 363 155 185 232 249 159 109 189 56 383 217 218 116 168 11 130 356 310 75 35 269 176 231 171 214 254 122 110 47 329 30 140 39 112 267 14 205 4 88 144 392 14 161 163 300 394 273 186 230 162 267 14 178 4 224 173 242 128 30 57 196 2 83 189 133 237 356 92 47 181 87 242 275 348 52 52 156 354 356 152 275 110 170 44 244 154 251 143 380 155 262 11 117 306 191 326 176 98 64 264 117 86 165 81 128 183 29 324 95 87 282 375 16 66 186 140 290 246 127
210 188 114 39 251 362 227 49 50 297 358 140 361 298 60 367 73 170 305 371 24 383 223 112 400 383 336 230 413 327 181 104 385 368 128 22 336 191 65 405 393 372 81 348 407 392 261 216 51 271 401 129 139 327 191 143 146 127 40 22 220 185 90 239 146 350 142 161 166 360 374 302 102 297 19 382 8 152 384 214 383 111 112 337 194 161 151 168 205 376 384 205 140 91 15 341 419 211 118 389 20 254 208 179 328 298 188 225 279 180 387 68 282 32 396 303 117 157 203 83 111 57 321 80 108 290 384 271 172 294 215 319 30 144 162 47 382 347 190 161 377 276 378 6 56 50 348 331 134 317 26 272 305 412 136 393 407 52 246 337 195 34 252 45 253 132 240 332 217 194 295 128 297 4 207 66 207 216 249 185 353 174 398 287 45 4 98 208 249 282 208 167 34 381 377 198 160 368 96 178 244 155 169 14 284 49 399 120 93 115 6 248
210 155 236 186 240 205 320 279 160 286 163 317 318 95 26 123 380 187 339 170 210 340 144 244 113 389 30 98 68 74 409 212 294 240 252 153 54 129 187 419 283 261 24 99 265 71 310 1 244 9 334 71 204 394 97 372 89 217 99 365 162 378 370 395 183 295 398 108 135 309 271 49 408 407 20 140 326 7 28 113 402 37 123 354 351 378 8 58 25 264 80 119 238 251 138 100 319 42 162 99 181 98 179 235 205 343 373 292 397 94 280 29 106 166 100 98 148 43 143 35 11 27 396 45 414 265 112 146 252 120 126 67 97 231 66 55 109 195 234 380 7 377 241 332 289 152 385 163 183 331 24 229 127 50 410 224 52 28 244 198 182 143 298 241 376 255 281 247 163 87 258 290 126 333 177 223 254 46 218 310 40 377 116 4 369 262 293 400 134 331 69 26 210 366 35 21 297 340 138 416 345 95 318 316 112 15 126 93 224 296 180 38
218 186 29 155 380 194 277 50 148 251 330 268 258 313 222 401 199 291 106 195 383 340 418 249 177 35 71 357 62 351 337 301 292 193 131 391 194 244 317 20 348 274 45 351 192 153 340 340 75 343 7 109 162 128 190 65 434 33 334 210 47 237 272 250 309 235 114 423 162 198 98 60 139 349 338 5 285 196 367 175 103 355 370 30 192 243 166 287 396 425 62 256 100 50 268 75 154 397 89 69 157 227 337 197 88 66 342 200 37 52 175 4 359 323 388 317 182 84 405 363 407 85 335 286 85 421 106 267 50 107 346 3 244 423 403 125 166 91 222 137 21 147 135 312 398 360 58 410 115 35 320 140 75 243 113 53 0 346 424 405 24 135 171 9 358 187 299 229 427 311 233 15 242 329 276 303 71 128 375 356 43 160 356 376 85 72 92 285 50 106 377 92 116 91 82 403 235 376 294 338 19 46 192 315 372 156 357 139 39 222 52 53 279 393 234 98 348 204 66 30
218 15 208 217 388 76 345 39 242 351 382 361 281 367 97 186 223 302 397 133 107 405 81 408 53 179 195 393 49 417 319 302 229 31 160 198 258 153 4 170 353 211 65 427 140 391 400 409 225 199 50 347 68 180 316 71 186 349 21 427 425 369 201 294 399 14 347 145 284 432 426 46 287 68 306 120 288 271 435 230 305 371 97 422 152 382 419 164 116 39 250 313 301 193 201 174 268 253 21 277 222 362 133 172 250 369 136 191 409 15 95 339 85 97 170 84 371 241 191 117 377 45 219 92 276 290 72 354 54 133 362 217 94 321 273 31 172 53 242 131 268 139 55 97 114 99 18 311 139 422 422 414 148 204 338 323 403 231 237 72 167 370 224 370 354 319 120 98 15 274 420 301 101 420 385 245 157 114 395 34 233 406 268 198 55 391 85 210 252 316 63 29 265 164 76 87 38 127 328 167 400 151 263 318 347 241 431 223 274 166 65 222 51 218 324 412 186 262 267 35
218 90 398 172 424 214 265 391 19 275 218 291 430 392 262 394 153 318 97 299 87 162 327 220 242 10 384 185 13 144 343 289 53 304 100 108 212 334 332 340 92 338 191 384 202 372 150 186 237 295 279 245 397 50 268 365 144 248 30 64 171 207 241 200 8 76 386 175 432 11 358 352 318 279 139 218 47 312 126 77 415 126 99 231 365 329 105 154 302 194 81 118 149 407 259 245 389 0 87 310 407 239 11 384 221 264 304 189 116 79 267 198 215 116 99 5 86 188 259 164 409 214 302 35 334 242 97 335 389 98 106 120 239 351 188 122 386 125 37 155 346 172 287 402 355 411 379 53 370 262 32 116 371 131 220 101 149 300 240 333 233 407 210 346 28 34 3 69 186 352 354 106 323 73 297 222 153 164 375 113 283 183 21 357 380 210 4 377 282 432 22 139 250 397 376 80 395 262 253 155 146 386 76 182 430 374 7 418 127 119 275 427 145 413 346 399 215 207 68 15
218 152 14 290 219 119 345 329 181 230 396 57 9 346 303 87 1 371 236 249 33 331 113 77 281 391 393 235 8 4 192 19 211 301 41 5 5 243 295 278 193 239 391 364 348 309 424 329 370 399 196 15 368 367 260 253 390 386 154 287 40 275 72 201 188 221 27 230 246 218 1 80 212 93 148 38 281 433 48 370 276 175 313 396 204 22 2 142 330 320 400 336 157 40 77 382 335 309 235 201 315 361 227 122 188 301 375 35 400 159 190 134 234 51 183 407 3 86 268 159 14 369 310 378 356 91 4 46 102 406 253 314 431 377 322 25 270 299 76 167 50 395 111 228 160 327 52 23 426 316 368 263 196 179 141 290 255 61 78 311 419 326 95 281 90 291 165 346 341 290 307 365 10 387 66 398 156 417 222 399 145 400 102 15 326 358 395 40 10 175 190 414 126 289 195 212 236 354 49 78 41 419 103 249 94 164 233 132 86 168 389 248 234 240 48 86 198 330 139 200
222 88 133 2 44 57 189 430 305 304 109 384 322 176 77 125 93 120 198 232 211 424 182 308 405 269 379 418 176 385 85 58 438 344 124 203 74 328 330 122 136 148 342 301 36 23 30 124 430 14 283 292 236 189 279 200 438 76 364 233 398 175 186 116 132 440 298 175 311 172 442 365 210 301 343 26 18 317 250 408 155 378 225 332 329 136 172 409 350 79 49 414 241 352 264 2 441 211 387 229 219 38 301 75 109 367 268 98 397 253 341 225 171 205 10 69 62 191 92 26 11 138 258 212 427 15 94 288 62 88 335 364 385 266 81 49 82 304 349 278 34 91 189 331 41 314 352 383 27 315 331 261 82 373 163 348 2 181 356 313 378 422 202 42 324 383 273 68 311 434 439 378 55 374 160 94 432 233 292 195 322 108 432 13 300 196 363 84 380 175 177 430 390 100 12 201 167 73 164 419 430 280 39 272 280 258 415 123 95 134 182 302 268 382 262 29 309 333 221 157 33 63 16 408
222 117 433 410 394 348 195 205 39 375 103 201 9 9 245 98 62 209 55 297 189 359 241 269 57 441 339 279 191 428 60 59 93 120 260 419 274 110 102 120 192 113 169 172 300 167 421 96 434 375 395 324 236 235 267 14 333 174 211 3 373 377 298 433 359 197 275 94 409 216 129 439 371 210 406 143 278 394 205 112 183 408 84 218 70 413 51 27 324 295 35 80 332 131 188 20 338 399 256 125 327 1 68 372 422 437 373 269 374 192 295 231 379 72 367 294 376 442 269 89 297 237 51 127 351 222 269 387 264 75 203 85 127 243 378 337 83 212 26 117 153 292 155 218 420 206 139 337 119 15 22 139 409 156 140 303 420 244 189 368 278 312 212 296 166 0 380 318 331 302 372 335 365 82 430 408 2 239 283 381 303 112 343 251 36 108 268 374 105 343 303 307 408 180 295 232 219 297 380 409 106 406 410 44 177 69 228 386 254 157 81 407 256 331 272 324 1 124 105 200 189 290 114 294
226 66 79 320 58 173 208 430 249 354 17 48 369 337 318 288 269 278 232 395 339 392 278 108 236 201 301 68 86 71 3 101 335 385 141 340 208 340 286 42 91 425 310 45 327 211 200 331 407 213 132 10 247 104 319 451 327 6 357 357 428 365 335 164 258 140 405 306 137 141 235 360 100 97 234 164 262 269 367 405 57 3 229 306 315 179 134 322 342 97 13 12 75 170 13 404 34 398 125 39 174 135 111 417 425 114 439 74 221 17 289 67 130 254 4 205 30 150 359 37 384 17 114 57 18 244 17 229 142 190 62 320 129 244 224 102 382 402 390 144 167 312 87 406 410 181 398 274 361 24 124 392 72 288 237 0 163 324 155 244 109 262 174 290 187 156 364 283 158 247 12 107 28 278 293 285 180 325 278 113 144 308 3 127 67 200 262 193 161 96 309 245 331 362 448 440 343 429 399 2 358 59 114 69 283 353 371 315 378 64 284 51 364 117 167 88 90 363 5 112 12 235 135 175 20 34 302 17
234 59 147 288 82 46 245 448 219 202 149 415 289 211 146 197 272 220 130 230 414 48 142 273 65 144 409 26 276 118 366 309 248 427 462 153 388 226 49 78 315 233 409 88 445 334 1 16 172 152 12 61 81 433 406 111 435 26 220 389 327 224 349 62 250 94 27 26 426 322 232 253 307 181 278 167 330 37 453 167 186 330 203 187 99 152 203 350 252 436 398 22 173 126 6 399 63 437 357 308 331 263 141 82 69 262 318 369 356 141 163 196 288 423 253 341 409 234 16 438 253 24 461 125 309 196 93 195 47 430 94 24 122 53 433 44 282 389 228 337 410 42 398 163 442 401 143 92 349 426 324 372 422 379 133 189 142 18 70 367 225 256 359 323 108 249 167 7 29 381 8 307 24 51 87 140 73 319 309 150 199 16 382 112 119 88 119 90 61 455 227 279 332 260 441 140 241 102 34 98 157 391 2 247 99 9 4 69 453 176 153 413 254 78 103 444 433 99 241 307 444 467 45 43 451 205 7 116 283 305 253 142 185 78 326 351
242 33 379 258 397 55 481 27 79 437 117 455 386 22 221 250 332 339 275 48 47 406 382 312 248 388 418 27 274 232 346 405 109 361 36 268 133 310 59 301 139 83 483 156 49 476 254 196 383 106 214 311 197 420 348 345 77 158 41 375 185 235 340 0 167 133 261 395 46 47 274 328 269 22 67 10 237 322 474 85 213 217 367 156 190 472 364 141 309 159 37 464 150 135 66 429 112 355 184 377 276 166 12 148 266 19 260 166 426 347 19 452 450 323 201 97 236 346 461 32 340 417 101 192 370 371 219 354 144 173 2 9 421 471 26 224 457 403 12 418 314 98 483 285 314 360 259 52 342 295 127 397 247 133 170 92 242 11 89 355 298 257 453 79 142 300 266 414 444 373 472 393 366 148 128 67 260 202 353 139 376 347 254 20 383 99 337 347 47 61 481 41 325 106 475 292 355 6 294 248 34 71 50 292 401 127 99 298 117 243 208 189 479 3 465 222 181 39 220 25 282 74 315 293 388 478 206 316 89 449 87 239 368 80 324 188 308 441 431 25 200 134 180 163
246 39 45 182 462 323 244 67 148 148 30 333 396 60 299 72 474 17 219 263 276 411 176 463 415 128 271 213 191 27 376 109 413 342 48 447 391 191 271 470 364 390 265 316 317 349 166 104 301 108 15 135 45 285 284 408 98 405 123 471 150 329 283 453 314 36 152 119 347 14 116 242 216 196 427 232 46 460 188 225 68 206 438 353 127 250 71 282 477 4 249 228 340 359 35 411 166 146 42 187 270 432 265 190 42 175 107 378 330 90 36 276 240 389 116 327 396 52 261 489 95 227 39 461 425 204 111 301 321 463 210 180 409 126 23 382 28 477 175 322 154 325 211 194 405 391 28 355 79 349 97 193 30 319 168 13 264 187 198 372 97 67 467 157 136 339 235 43 449 490 45 317 400 266 265 352 112 329 0 364 118 99 113 145 331 171 429 285 121 261 172 198 300 194 324 423 42 103 322 392 415 234 94 412 364 128 252 482 15 165 429 121 368 223 141 355 317 366 349 245 328 285 141 24 38 340 308 285 136 456 335 229 379 267 407 67 397 312 418 397 53 10 229 195 190 130 154 182
246 21 162 441 467 320 271 477 362 245 109 182 303 462 221 98 324 455 301 362 222 196 432 288 397 50 185 187 66 219 173 419 64 202 18 434 447 166 328 399 63 393 223 151 389 318 309 38 298 266 129 63 28 173 131 67 397 171 455 245 368 282 141 491 315 445 93 361 482 445 460 48 403 294 219 145 204 346 328 378 471 280 432 106 27 284 271 36 164 309 382 53 450 180 265 215 480 351 490 286 213 315 125 28 394 341 136 281 155 264 44 19 27 225 132 386 88 454 302 318 354 396 278 431 307 92 123 433 354 369 463 395 443 329 279 253 188 334 275 170 170 354 212 72 85 328 37 243 191 216 283 245 173 176 430 365 422 143 323 444 142 63 445 274 203 108 109 104 348 339 142 53 402 343 77 202 137 268 113 182 187 424 406 262 101 258 1 204 425 430 211 133 105 261 331 323 364 270 242 462 106 208 167 7 23 344 316 307 82 243 451 215 294 260 456 285 437 234 470 278 155 78 290 398 60 425 278 94 52 163 390 212 87 409 139 41 30 90 14 488 23 145 376 204 346 133 396 376
262 211 369 27 464 266 444 250 103 209 208 489 460 226 393 166 163 47 41 481 271 481 142 237 40 370 32 59 361 102 132 457 220 267 222 102 345 450 522 139 333 2 306 3 360 352 227 316 222 1 81 380 437 113 432 169 518 223 478 482 162 307 460 381 105 278 349 406 325 266 118 384 116 268 224 49 421 352 89 301 210 87 227 370 164 323 170 502 483 398 79 2 406 95 210 471 476 100 473 71 355 218 317 374 445 340 291 18 171 477 239 18 29 413 402 213 286 352 500 347 113 504 159 149 279 359 254 463 84 465 260 160 34 187 359 145 184 463 289 355 92 291 287 322 208 352 152 460 463 229 274 301 412 6 223 307 118 417 518 362 43 420 348 491 333 182 287 317 204 454 54 110 83 411 57 403 226 499 211 439 254 464 451 212 318 248 221 505 364 129 174 250 66 511 467 63 297 418 399 348 380 409 473 59 446 387 313 10 516 486 308 372 361 101 32 298 245 424 174 375 0 170 365 26 253 133 264 13 275 161 390 298 109 357 219 369 139 42 276 503 484 402 11 34 444 335 303 187 448 458 262 298 465 98 479 458 432 456 440 372 276 219 504 431
262 109 30 58 134 11 351 49 510 395 364 365 313 199 395 414 342 245 454 449 450 166 407 362 146 240 480 380 496 118 40 35 25 40 145 138 431 280 477 56 374 88 91 517 270 344 109 165 118 299 228 196 469 321 301 23 290 262 517 230 13 212 41 94 83 176 50 158 12 390 508 340 427 7 323 369 152 522 249 131 332 37 510 297 427 326 515 413 468 494 418 247 22 11 515 372 203 344 95 43 252 293 229 125 486 156 119 253 300 422 192 185 229 51 124 461 170 444 39 500 157 186 467 455 152 351 292 233 472 309 46 222 33 516 304 465 51 385 108 94 306 280 28 7 71 147 227 87 64 226 230 361 202 308 415 365 496 301 431 261 149 454 234 236 80 427 227 245 301 495 460 259 38 354 71 381 174 458 416 159 328 361 348 1 224 62 488 173 439 171 60 513 415 416 216 124 349 289 71 340 149 333 481 65 348 330 190 490 174 218 349 126 523 406 438 9 455 374 385 227 313 454 142 451 470 464 434 33 40 273 225 9 371 505 223 23 395 412 259 141 386 128 358 97 386 99 344 226 242 133 389 230 54 252 0 432 436 85 412 397 221 218 276 408
266 223 473 164 301 38 4 131 120 491 55 212 289 264 21 59 111 510 10 56 297 312 253 171 289 67 136 81 225 285 255 342 460 140 309 155 253 270 478 162 398 252 319 83 394 265 350 101 122 480 369 440 300 90 69 221 196 111 490 336 366 159 516 249 496 306 252 268 225 49 387 75 285 158 512 94 515 324 466 464 393 385 233 156 52 414 503 131 519 488 409 298 146 465 298 496 82 393 158 246 290 266 279 303 519 329 477 250 50 53 465 484 478 452 219 313 247 426 116 180 169 404 422 440 491 273 524 390 123 195 312 527 306 198 149 303 239 349 85 400 156 326 218 439 134 92 230 382 236 6 36 393 128 301 511 353 340 418 23 454 396 329 47 22 286 323 453 142 368 435 221 300 529 271 386 327 519 390 321 304 51 240 279 315 389 88 383 369 227 155 331 311 40 153 367 504 118 259 190 210 146 292 466 334 410 412 201 378 28 375 271 383 394 523 44 142 513 303 376 91 438 308 291 232 405 21 379 251 196 378 280 257 455 497 33 351 193 153 144 223 387 300 308 241 517 5 122 109 325 250 149 470 434 239 271 262 158 33 496 403 35 523 482 480 270 323 18 216
266 211 246 427 22 328 409 454 119 116 390 397 32 455 431 348 392 319 227 273 494 119 530 50 36 182 311 416 114 527 127 453 298 111 86 337 72 102 463 447 471 288 294 111 125 196 397 23 462 413 394 304 86 369 235 249 424 334 301 444 383 305 449 106 439 491 63 295 144 366 229 169 445 171 333 261 219 280 0 403 105 395 270 492 467 265 330 466 483 439 383 242 83 498 93 148 301 251 93 499 219 126 110 58 178 410 442 303 219 409 170 236 143 267 112 288 286 403 289 295 181 319 61 198 240 26 208 376 259 60 171 256 142 464 328 371 68 370 466 115 168 250 23 229 282 454 30 167 526 511 406 73 83 362 175 321 501 518 390 412 60 206 348 469 352 144 133 226 52 45 263 228 264 190 44 429 273 250 39 489 496 142 356 223 160 398 268 446 130 60 306 53 211 106 423 435 257 317 492 334 126 343 67 301 399 499 63 237 227 426 454 484 486 440 114 384 90 453 327 193 58 230 65 395 23 518 215 227 72 48 100 8 48 195 32 272 158 466 496 388 127 261 137 475 29 507 334 405 243 441 117 288 415 127 125 255 225 74 359 147 75 417 123 107 306 191 20 408
270 142 265 301 65 447 422 198 123 404 402 30 128 272 12 100 127 374 473 147 376 278 173 480 84 349 176 240 373 132 445 33 73 306 179 192 129 341 520 409 57 452 383 311 112 176 319 18 12 337 85 440 263 249 64 427 274 240 181 150 182 36 292 174 403 537 60 533 68 425 112 354 241 440 25 53 260 425 339 502 34 87 531 413 397 352 192 136 363 29 503 234 508 59 428 82 56 224 200 465 337 307 489 403 83 223 425 175 495 54 132 538 25 89 107 408 319 36 176 85 334 493 369 32 312 31 477 495 452 393 303 489 231 107 320 311 501 187 124 343 519 169 382 354 191 498 457 368 195 189 389 279 150 100 517 338 374 86 533 474 122 218 57 486 42 514 38 385 18 273 228 461 433 323 398 373 152 421 224 69 242 142 394 510 445 240 310 384 207 94 165 535 19 298 166 34 355 488 168 521 57 336 429 451 327 101 313 394 348 390 167 246 499 398 398 277 156 484 416 480 500 449 438 32 246 407 297 333 392 352 66 164 484 178 248 298 194 515 99 409 211 242 391 387 98 53 275 192 362 270 334 142 35 260 251 108 436 138 460 266 108 77 191 332 455 315 463 30 453 46 77 123
278 149 411 428 156 87 332 165 493 266 87 494 452 466 374 33 267 363 41 182 179 514 222 482 27 1 128 320 470 348 72 494 211 150 392 283 182 465 483 109 131 487 537 487 512 358 231 44 419 93 136 232 551 85 183 299 392 55 536 437 227 472 540 546 319 4 305 417 27 489 343 180 222 311 109 114 302 281 214 446 405 278 432 91 213 361 78 265 554 155 485 207 232 390 199 175 71 86 274 504 311 33 122 377 394 432 416 15 162 446 70 257 474 179 126 268 420 199 486 458 554 149 344 43 39 289 185 216 425 303 474 289 372 442 49 448 328 226 232 149 304 426 223 436 360 35 194 213 446 456 67 146 102 216 2 476 201 211 463 52 424 114 487 507 277 228 467 12 227 379 530 152 225 156 372 379 68 324 264 395 243 392 60 78 527 5 59 153 391 220 39 150 510 387 246 546 333 169 109 236 434 90 110 499 2 304 294 511 193 291 432 291 324 338 86 272 78 127 73 358 463 116 41 289 521 546 469 477 523 270 39 238 508 548 258 112 535 32 162 309 46 429 138 532 386 547 223 504 343 178 532 223 490 255 210 127 349 265 11 539 25 45 222 131 295 89 300 472 246 277 57 23 459 97 122 69 256 287 294 192
282 174 54 138 15 14 265 154 192 88 178 414 447 4 166 536 279 524 255 95 224 113 307 241 420 491 301 552 71 353 321 59 149 474 140 263 71 361 525 322 493 302 393 29 130 104 339 24 359 464 110 63 291 109 12 165 458 335 458 198 388 43 307 270 55 499 477 97 448 242 421 160 127 66 341 308 68 148 287 207 265 494 254 288 316 2 222 307 176 418 214 417 416 86 319 17 279 282 368 224 131 72 319 315 187 326 220 190 326 540 481 489 197 175 308 376 419 257 72 427 182 169 458 53 12 511 525 253 268 233 82 303 152 462 76 521 153 404 458 255 216 19 507 390 223 42 368 158 158 50 349 154 438 255 553 47 422 361 85 546 366 50 379 196 68 288 235 24 234 208 295 134 114 436 262 531 376 57 524 113 168 222 286 561 518 94 120 54 257 352 563 174 379 191 542 253 6 303 162 56 326 383 277 11 90 435 265 33 164 245 555 47 417 432 28 358 433 71 383 59 485 466 339 235 519 367 233 525 149 535 299 86 196 162 126 167 176 339 104 267 258 318 468 515 515 228 478 154 555 125 332 515 65 332 71 274 179 365 182 310 33 85 79 369 444 411 454 558 109 402 240 123 379 362 89 118 481 541 68 522 129 282 449 336
286 25 438 28 154 543 403 561 191 243 403 180 99 342 93 15 543 270 472 113 63 113 475 339 96 400 337 120 244 260 97 553 551 284 207 101 116 174 476 502 316 52 277 110 224 353 155 471 334 190 178 459 412 193 95 237 210 93 319 219 313 387 377 409 327 3 278 58 38 222 272 460 405 4 501 530 46 445 259 419 18 132 473 420 462 232 146 166 52 239 155 417 342 172 130 501 223 257 494 4 307 185 566 406 356 556 434 244 571 141 526 327 189 399 2 400 430 269 164 521 21 571 405 262 508 42 376 157 519 46 234 106 411 267 279 543 498 483 387 507 238 386 418 75 38 422 339 444 121 274 124 114 550 48 545 7 470 34 328 41 36 95 383 142 155 176 342 284 342 64 399 122 317 43 361 230 417 560 326 489 2 474 124 241 125 551 501 293 510 374 524 390 245 559 144 249 119 0 331 393 101 104 366 76 402 453 436 163 131 281 213 410 40 477 527 374 307 125 184 213 488 184 9 372 75 337 165 306 52 169 58 356 541 190 133 169 305 269 214 296 166 514 328 178 58 509 570 325 451 452 483 536 337 510 515 198 359 285 183 563 171 415 391 72 16 123 76 484 484 460 353 56 426 375 424 148 343 435 353 201 321 393 453 412 351 407 239 46
290 182 369 53 277 482 434 1 409 378 417 422 40 291 234 24 262 504 262 79 70 328 30 549 552 191 403 510 326 2 107 394 250 432 215 391 16 66 11 256 447 34 164 395 233 271 67 137 447 567 41 359 571 108 363 400 572 132 89 179 520 354 245 378 369 396 251 38 329 431 22 121 412 356 291 53 351 280 222 442 34 480 439 339 423 411 59 131 481 134 369 163 131 552 433 567 451 463 60 232 237 324 405 61 337 317 418 138 394 279 512 142 221 564 343 419 149 573 245 29 435 203 177 511 312 91 426 184 18 109 283 460 312 551 554 406 359 548 421 491 56 158 60 268 522 144 413 257 245 128 176 33 101 159 63 46 281 90 167 86 440 303 448 216 72 477 41 275 455 236 231 258 28 168 504 133 339 78 75 479 118 503 40 99 88 317 190 547 483 551 21 438 78 241 258 22 46 282 23 429 386 535 563 555 279 492 412 412 40 146 75 579 482 16 527 558 130 193 226 411 516 170 98 145 342 142 535 137 302 177 563 301 328 223 561 519 180 203 349 426 384 82 150 149 560 227 280 512 311 41 140 264 347 70 444 513 123 353 539 236 493 475 0 309 352 205 429 337 122 458 480 170 406 278 335 53 379 512 99 148 167 91 415 70 79 67 136 317 75 185 220 153
302 15 30 140 35 422 311 146 344 34 282 427 304 314 405 11 545 395 492 22 143 357 590 518 463 115 428 492 64 29 568 482 397 209 562 346 251 400 320 456 600 235 521 71 335 425 47 301 518 30 449 549 596 204 42 570 190 507 172 430 232 282 494 202 282 86 586 525 433 101 433 185 10 238 387 244 526 309 324 157 527 593 489 255 374 13 519 31 575 544 276 30 141 242 251 375 348 64 309 294 52 385 4 187 7 161 603 84 279 416 457 255 195 83 546 600 121 294 342 425 481 231 578 326 381 306 473 554 212 234 153 595 282 571 133 203 329 167 408 330 50 176 66 440 397 417 436 70 453 477 419 250 216 381 450 551 127 12 471 547 486 480 268 123 347 345 425 411 595 451 385 388 583 284 300 29 507 419 322 186 103 495 315 253 356 76 586 561 577 280 598 72 513 93 128 424 473 337 142 240 343 287 321 41 163 93 599 231 70 367 268 90 149 118 172 587 283 291 46 570 266 509 383 485 416 398 560 37 546 366 567 209 162 556 263 414 79 124 528 500 223 235 298 253 460 530 532 103 62 351 295 262 28 287 101 276 87 441 473 20 383 336 345 155 350 516 392 573 81 5 39 93 603 159 16 414 120 317 132 144 408 593 335 407 106 26 511 582 431 64 567 576 378 272 386 350 63 449 396 394 344 82 402 549
306 91 225 308 408 6 540 270 111 1 253 192 10 110 108 354 116 581 350 397 116 75 336 419 217 357 536 46 317 244 250 13 344 126 3 198 301 190 609 561 340 509 559 62 530 2 467 437 332 285 38 260 42 135 585 226 267 337 45 539 539 373 391 19 577 454 335 8 8 50 137 530 595 58 231 20 0 407 428 577 351 488 142 407 186 55 250 59 339 399 179 412 317 297 245 503 66 208 223 145 437 183 31 255 471 600 27 141 433 589 22 67 16 170 290 406 412 496 182 95 240 202 116 519 164 278 560 537 289 552 10 157 481 330 464 204 478 329 493 17 561 125 119 76 349 71 55 40 176 540 421 214 575 271 23 345 323 572 60 203 454 531 217 99 384 563 273 361 266 242 296 11 555 392 389 247 66 179 478 577 207 588 506 319 478 246 273 96 56 474 343 225 157 216 193 481 542 108 567 34 556 567 320 592 194 57 206 36 90 443 599 226 559 342 176 4 483 178 237 164 271 405 492 527 74 609 95 190 80 493 539 284 15 235 210 302 19 525 312 206 166 27 459 334 388 540 191 475 462 363 339 234 503 26 31 169 500 599 472 470 557 104 292 319 32 140 385 31 460 43 223 194 557 214 427 462 343 115 244 44 533 175 288 473 552 277 196 282 600 393 139 117 296 216 347 76 521 500 153 159 345 311 223 602 445 240 277 497
310 3 447 244 87 286 304 203 25 482 364 118 135 451 319 90 606 334 436 615 330 164 431 532 173 159 227 517 64 577 407 484 123 165 233 246 369 266 269 528 231 577 38 532 100 73 235 491 577 4 363 325 114 162 255 600 42 9 568 88 483 250 577 252 4 270 125 53 232 498 262 329 614 357 316 523 600 436 137 165 126 147 200 552 482 383 359 488 107 267 231 435 610 357 272 510 81 481 580 376 384 174 213 186 588 482 384 166 308 274 504 98 92 538 25 319 33 450 598 589 3 34 390 346 318 569 569 19 291 30 150 323 116 222 367 205 267 426 34 210 297 427 45 588 495 463 180 524 224 248 514 156 39 122 422 175 377 539 433 543 35 321 557 419 50 504 556 593 466 186 448 599 249 599 90 455 14 257 252 196 199 526 351 207 292 133 4 493 545 256 391 577 335 312 284 135 214 524 489 617 150 573 506 294 123 172 337 356 304 75 218 566 328 574 84 7 351 511 279 32 572 426 458 282 19 330 253 28 403 408 404 118 7 469 352 43 520 18 3 70 607 91 211 371 258 302 599 111 90 562 213 110 554 159 58 431 491 196 266 537 591 583 593 494 596 212 271 558 275 163 255 606 192 248 259 502 105 105 152 539 189 57 566 195 197 446 87 447 78 371 181 575 538 523 45 95 197 100 98 473 409 400 11 78 581 422 480 288 32 154 286 299
314 108 447 366 475 86 315 556 252 544 506 239 532 163 397 217 200 493 468 54 484 348 342 223 234 300 186 620 220 321 322 508 625 411 509 36 211 182 291 323 470 496 569 342 141 507 136 385 64 548 24 442 269 81 441 290 87 512 215 85 600 472 347 125 425 588 101 494 367 339 261 528 138 547 577 205 504 261 353 38 452 152 247 168 552 591 566 504 524 280 119 24 138 12 372 160 603 537 335 53 422 48 431 88 283 277 389 536 285 11 211 252 566 448 439 70 178 275 616 157 391 257 301 288 391 202 572 252 0 132 283 540 410 388 457 392 568 457 573 262 28 616 107 513 274 20 218 33 112 286 615 561 29 198 218 611 626 393 549 450 557 550 116 515 625 451 617 577 431 412 546 223 73 31 414 82 295 301 63 538 348 204 505 598 379 503 5 117 516 77 107 180 217 136 364 151 83 511 517 245 608 346 453 438 515 334 44 80 436 339 618 390 139 351 437 478 544 48 387 363 203 296 263 370 137 38 293 229 46 131 56 431 87 334 211 509 314 507 141 236 47 383 30 533 14 333 165 45 611 142 51 215 506 550 477 551 608 413 225 133 578 361 4 562 212 536 405 478 49 1 433 340 388 360 30 496 529 239 382 262 508 170 324 178 114 614 501 357 94 456 549 3 261 13 192 567 193 122 318 557 203 440 200 62 464 577 350 146 568 304 221 230 28 358 526 548
314 98 118 23 428 63 168 574 404 299 10 402 241 282 399 237 443 94 143 283 266 289 252 152 264 160 338 264 185 534 245 564 38 570 62 49 230 69 126 75 578 192 144 209 223 77 599 284 236 395 290 10 591 236 223 401 277 522 329 95 537 396 493 617 32 123 204 51 81 238 429 54 446 53 148 372 108 172 407 350 429 8 283 112 82 623 360 119 225 493 459 617 98 96 358 119 592 617 409 538 150 246 324 550 593 461 282 291 230 425 371 346 238 561 238 531 280 270 343 446 31 435 83 404 419 78 390 177 555 559 549 24 437 613 282 78 272 256 117 33 460 283 385 505 482 213 609 249 481 319 23 457 136 412 320 244 78 28 234 130 456 518 558 596 42 454 140 28 196 120 482 256 378 456 102 330 553 106 617 505 363 479 194 563 575 337 345 389 559 517 552 128 368 220 524 357 298 64 48 227 405 101 213 299 424 502 268 182 88 101 484 338 358 365 457 475 624 534 382 161 518 2 168 565 433 196 560 556 63 580 358 403 329 423 54 409 104 561 162 51 276 0 125 403 179 610 152 27 593 132 10 30 149 163 581 143 420 446 18 160 45 51 559 227 407 94 154 45 159 454 169 8 216 620 408 451 588 110 407 266 239 495 523 117 606 620 4 397 566 247 164 377 38 330 502 242 228 586 128 320 579 401 442 515 553 40 248 484 67 348 415 321 502 255 142 156
322 34 48 59 81 99 448 17 61 376 228 583 357 291 58 623 640 210 2 223 227 159 60 0 557 280 528 399 68 28 186 261 558 3 505 532 64 215 177 488 497 182 42 229 383 364 391 176 286 379 596 605 94 154 113 499 227 452 534 321 466 160 464 183 381 499 380 31 605 533 130 151 267 355 224 250 457 532 266 427 286 400 562 354 148 134 27 356 207 201 204 313 472 401 281 388 194 322 583 4 488 264 582 601 363 567 500 419 38 297 38 309 228 358 265 21 484 88 580 119 209 580 30 608 439 38 169 149 273 383 100 311 451 410 193 247 142 494 206 256 456 65 518 146 128 67 232 329 195 114 614 594 315 181 524 429 253 20 387 271 499 457 496 589 468 9 205 250 505 206 594 286 187 230 576 494 171 325 334 540 25 114 597 634 121 222 458 198 10 127 421 531 36 171 439 375 437 184 358 438 300 81 166 363 406 133 179 460 229 391 436 29 245 174 181 492 149 152 543 142 4 187 504 496 123 554 37 173 213 391 175 323 334 301 102 422 527 417 162 515 441 629 99 183 286 87 113 479 274 581 439 181 465 38 417 616 106 406 294 397 104 333 277 503 425 66 552 343 94 538 15 108 343 157 481 449 86 235 575 464 395 221 337 165 590 549 489 129 447 198 408 222 527 62 461 419 223 94 369 161 217 527 544 399 581 364 419 543 39 405 412 38 168 88 385 525 628 56 167 5 165 110 491 226
330 237 602 621 293 386 150 266 161 49 396 54 2 135 509 204 68 515 17 23 474 395 55 69 128 545 497 566 120 29 608 178 175 530 311 419 599 316 255 447 430 546 233 318 474 479 9 173 555 510 177 8 612 35 436 318 204 460 469 550 321 538 80 659 114 253 608 545 433 630 176 354 327 5 460 199 415 0 623 553 225 373 246 149 650 527 565 561 221 653 413 359 655 247 41 27 546 29 96 208 612 324 498 338 486 434 484 152 445 250 434 33 487 167 332 497 63 369 203 259 144 268 446 293 93 479 217 413 244 575 368 145 470 514 372 513 553 60 537 187 395 444 297 19 350 440 287 482 3 573 322 462 130 526 526 546 219 651 282 392 623 250 43 496 439 610 94 137 592 374 466 5 279 71 297 570 148 224 49 77 142 454 479 258 269 42 10 366 142 264 166 426 320 19 51 94 73 209 304 312 604 248 390 186 35 297 23 569 130 31 155 21 645 192 226 243 371 97 219 478 545 474 526 188 393 609 358 221 126 185 347 468 566 332 638 18 125 638 414 562 203 529 609 191 396 27 51 586 580 287 470 635 135 632 627 7 190 52 642 649 95 190 270 367 412 611 512 459 361 452 124 223 39 308 489 279 394 293 561 599 286 242 21 106 600 408 647 564 326 380 567 63 640 228 53 117 9 85 139 285 505 573 627 134 613 594 21 140 257 482 631 93 335 362 22 394 489 15 576 184 540 107 135 501 554 11 6 92 114 625 193 24
334 313 199 353 399 631 553 326 3 267 563 373 64 643 625 242 397 444 157 359 28 630 84 242 394 606 524 507 38 499 251 100 501 117 173 145 435 242 614 629 609 578 423 415 124 395 601 583 208 440 144 557 345 215 189 44 344 311 95 24 526 563 490 558 94 137 379 53 364 181 513 87 393 269 361 606 76 152 94 180 34 239 621 182 663 186 25 1 176 220 229 575 315 482 445 381 625 329 450 296 369 3 652 219 647 537 238 224 318 410 304 556 533 421 84 204 350 520 361 328 533 637 209 213 640 580 590 472 471 26 665 354 21 153 260 82 445 326 601 528 224 59 563 332 267 58 339 435 247 540 112 345 119 250 25 71 572 347 206 26 290 241 157 424 529 426 423 99 490 644 600 147 616 314 113 492 251 249 120 559 81 285 308 524 55 82 532 610 124 443 330 581 563 110 185 301 327 273 37 508 89 597 292 319 435 351 126 124 290 167 163 131 494 548 71 218 139 233 289 583 578 356 77 281 422 334 117 316 182 221 488 97 633 377 314 62 567 21 648 364 143 181 376 347 595 340 10 182 503 63 194 64 215 281 147 625 456 111 593 661 166 480 327 555 46 553 621 247 553 338 664 200 151 216 467 49 369 171 381 492 572 213 100 332 445 107 50 635 655 627 69 187 250 201 355 429 16 119 580 167 324 491 454 71 284 535 15 13 210 612 595 190 152 415 371 22 97 36 74 602 355 299 8 156 69 452 333 428 528 136 261 136 406 424 129 47
338 247 281 288 618 507 611 374 436 370 114 422 317 637 610 386 467 245 292 434 157 99 255 160 178 396 509 462 275 38 509 172 587 560 160 414 91 509 638 98 633 33 495 554 541 108 337 409 535 447 367 670 176 312 619 410 196 102 145 545 417 140 370 622 305 568 78 277 336 252 17 484 156 61 602 19 481 229 258 261 540 669 291 410 355 16 610 635 52 107 596 318 24 346 307 13 54 494 490 403 142 541 359 549 250 523 415 60 235 406 291 122 485 607 397 305 417 633 273 481 11 317 61 305 255 168 214 85 406 115 643 259 316 447 238 668 78 237 135 458 383 279 317 148 615 223 177 334 656 636 254 195 79 299 127 318 621 503 150 291 51 623 343 104 34 38 234 8 614 292 219 525 269 170 78 208 398 562 613 512 480 205 16 568 463 306 548 485 448 535 20 670 596 136 423 595 212 192 42 484 396 56 356 428 660 24 15 300 631 23 674 311 390 113 191 395 430 75 442 550 645 280 409 537 612 654 427 603 7 294 143 549 268 115 329 423 181 432 12 420 573 541 136 189 49 354 387 587 545 667 356 55 656 273 617 125 411 201 659 559 461 575 179 348 197 175 418 495 243 554 526 324 129 190 613 70 654 580 315 613 481 419 10 539 183 449 33 93 56 220 173 12 660 611 207 226 416 523 339 271 557 114 369 289 361 409 247 162 116 119 599 317 478 599 499 156 592 658 246 29 672 233 160 611 657 351 2 504 607 438 221 418 3 322 227 535 219 568 199 130
346 108 639 181 583 22 268 665 669 362 345 340 545 187 130 114 390 272 294 577 408 604 447 514 144 364 8 687 685 86 8 485 108 595 108 644 187 96 328 226 106 193 405 285 469 203 203 425 33 485 515 296 235 268 63 452 675 374 210 116 95 378 131 28 675 88 230 517 461 606 321 675 460 459 215 72 345 588 422 411 230 43 418 313 61 615 623 36 208 228 202 36 592 205 299 193 171 374 322 482 506 519 381 75 177 322 328 544 157 667 554 20 550 346 496 150 344 680 127 213 394 509 190 673 277 276 119 637 472 266 31 681 477 248 685 476 572 205 411 187 634 642 630 131 190 355 619 154 606 174 527 454 633 357 553 356 689 587 188 502 604 532 51 122 352 349 681 591 229 132 74 94 238 254 131 131 468 183 364 450 161 179 160 516 466 468 365 94 240 86 594 3 181 133 175 641 291 210 123 454 262 358 687 6 681 523 363 410 431 250 63 120 17 130 102 527 100 488 203 229 484 351 493 211 633 330 387 672 41 137 212 508 175 497 642 426 21 472 99 138 48 505 525 579 258 310 435 690 35 29 81 93 674 522 79 104 25 589 176 217 24 195 48 691 114 73 133 201 618 574 58 291 412 391 126 390 447 306 77 133 162 588 110 691 618 686 618 536 573 177 551 78 91 426 134 97 180 631 195 241 23 247 463 12 197 560 645 424 184 151 154 269 265 71 341 388 280 358 536 319 161 87 497 617 624 143 571 659 616 441 455 214 21 471 579 508 373 220 53 448 637 617 12 548 14 632 262 42
350 169 432 207 483 555 102 131 82 258 73 224 21 47 36 61 483 429 564 117 145 474 437 166 520 403 42 247 508 52 222 111 336 465 213 507 204 615 391 156 351 46 312 170 81 140 419 31 244 118 622 350 132 327 105 370 93 282 473 499 516 520 269 216 552 151 274 480 646 536 426 578 280 250 380 338 92 383 551 514 184 64 614 678 264 469 496 135 97 293 619 419 551 292 466 528 626 5 278 313 70 383 298 541 615 51 135 683 309 1 522 673 180 82 291 317 380 437 532 599 320 420 319 402 437 140 629 592 272 465 104 174 499 524 266 46 678 615 668 1 265 549 263 365 398 446 638 386 644 359 633 422 368 191 53 593 368 3 392 373 654 470 167 59 5 100 71 337 411 171 494 52 605 366 360 365 17 325 22 367 226 623 326 647 474 14 293 291 242 177 175 75 69 112 610 483 699 480 565 369 512 387 289 362 268 528 88 603 595 36 145 512 50 566 511 61 665 682 215 263 481 131 549 564 655 302 249 57 254 145 33 556 299 360 76 486 233 528 502 13 53 613 503 660 333 370 120 372 130 597 161 183 224 284 514 114 352 128 385 215 210 517 386 102 154 90 639 517 690 165 352 117 381 451 584 162 107 179 131 495 673 699 485 304 483 112 458 456 687 241 334 307 130 260 644 20 52 369 437 382 614 249 174 321 465 373 509 70 238 482 139 397 410 627 96 386 321 233 426 77 104 376 423 478 271 60 10 83 597 493 566 60 697 659 313 458 500 643 191 626 581 386 654 25 284 172 649 661 622 482 507 507
354 189 7 655 571 657 678 98 163 229 108 278 85 89 48 195 478 415 556 317 428 642 340 58 201 202 357 630 367 618 257 398 324 292 19 704 225 410 451 497 481 439 565 488 301 487 3 288 646 606 154 603 491 172 389 656 455 426 124 593 415 109 8 175 602 185 88 451 495 154 695 364 501 70 10 312 280 699 279 439 212 312 58 31 162 146 109 573 469 606 461 704 333 150 496 86 356 38 557 389 545 308 568 614 683 269 496 74 267 460 2 380 339 295 661 255 595 475 128 328 24 67 31 81 395 496 707 287 623 649 305 432 509 384 551 603 579 215 421 697 400 439 445 135 345 589 555 436 18 17 217 80 95 268 495 659 188 286 57 70 600 533 620 553 265 12 258 233 425 380 624 417 73 301 545 186 342 63 394 63 461 244 42 520 396 201 9 538 400 255 357 618 159 105 538 351 268 456 25 206 264 553 319 549 193 142 284 53 132 394 600 189 233 106 202 510 572 202 231 418 48 565 322 499 497 592 249 576 456 369 91 665 565 142 1 329 48 602 200 633 490 331 236 69 49 550 52 640 89 612 577 600 699 67 170 539 272 207 76 556 99 92 648 342 395 418 158 158 341 183 492 623 272 464 514 434 206 223 223 381 693 59 20 344 196 59 578 160 232 196 706 476 134 280 657 0 59 596 607 50 673 607 276 181 362 467 522 45 252 108 598 430 316 206 531 433 675 275 474 3 156 701 485 471 350 226 503 602 406 170 389 60 353 334 210 63 467 363 127 376 569 106 322 239 324 586 684 558 237 466 681 572 387 354 564 203
358 306 351 190 282 514 264 219 336 11 472 259 193 354 263 70 429 675 480 615 445 189 708 645 552 524 633 576 660 243 648 668 294 638 482 110 334 378 695 234 564 223 474 424 288 570 165 167 651 26 405 223 171 220 120 690 386 8 270 401 55 608 712 529 455 93 539 21 269 595 282 100 412 473 621 470 52 219 327 137 526 634 145 286 82 553 311 640 435 349 417 158 545 221 221 344 276 477 36 21 102 146 204 670 663 29 624 641 533 212 241 545 500 713 679 663 485 675 37 257 491 538 691 567 49 656 567 567 32 212 530 497 579 99 29 452 367 69 100 183 280 567 159 259 84 27 610 491 327 41 385 617 710 321 281 359 129 323 207 440 313 158 582 681 20 320 626 23 361 669 362 56 597 603 235 231 229 24 450 638 105 643 584 229 423 20 191 696 457 3 407 643 624 623 592 617 63 617 300 596 264 447 86 90 263 557 570 179 399 222 453 605 711 30 6 171 197 548 153 147 239 592 691 368 24 77 303 593 491 121 593 445 241 67 695 385 264 181 16 212 107 323 523 274 89 405 605 374 174 656 180 237 591 81 266 672 535 715 378 81 309 324 639 365 154 335 186 493 581 650 74 681 255 431 627 685 706 401 303 193 582 207 105 190 241 633 322 684 653 542 103 36 182 358 175 454 607 219 561 365 530 390 713 258 45 613 76 557 434 300 337 75 367 382 373 178 364 332 83 94 439 623 540 622 139 676 374 320 559 31 666 206 659 180 166 327 184 654 594 106 267 45 683 113 514 287 137 53 245 699 339 572 555 620 347 102 617 99 433 63
362 140 685 102 260 217 545 513 642 15 359 183 476 266 26 391 512 496 412 127 365 548 198 497 515 528 338 339 328 467 159 230 11 554 108 398 502 153 287 73 560 699 679 268 241 513 448 474 9 174 685 650 663 139 503 260 483 186 104 207 204 627 561 554 24 601 572 215 451 76 686 256 403 330 420 713 635 207 302 391 185 647 269 462 693 531 588 7 518 438 320 34 132 130 592 610 654 528 22 69 544 389 545 206 652 139 446 8 185 667 96 327 404 622 640 419 304 38 496 313 457 384 314 285 26 381 212 52 485 687 265 544 665 18 402 27 29 425 440 575 287 150 332 419 552 237 419 240 153 593 677 230 214 507 448 656 390 709 448 601 287 266 644 322 152 230 518 215 666 702 494 361 654 674 38 127 526 285 694 343 561 30 617 399 209 662 101 270 532 569 74 129 406 21 15 212 353 30 636 722 206 630 7 120 329 372 719 488 334 563 45 114 524 382 471 574 599 470 186 16 580 453 169 655 709 608 421 640 515 82 216 382 146 502 614 477 194 659 449 450 5 368 215 539 335 434 208 540 96 235 333 79 201 632 448 601 282 536 372 508 228 298 60 101 538 194 705 594 312 56 27 588 7 20 210 351 495 606 173 527 194 645 497 78 707 706 10 424 28 676 430 719 367 637 696 707 298 232 171 539 196 686 176 0 498 388 328 155 335 371 199 633 195 70 458 153 390 612 713 113 638 360 496 93 75 175 350 139 309 504 324 74 432 278 220 45 28 69 584 250 639 541 667 63 702 9 301 113 457 330 228 522 55 655 446 217 549 139 68 525 29 360 61 13
362 232 158 541 333 244 620 457 292 228 27 471 662 94 15 582 191 24 248 626 653 416 490 545 423 229 484 321 465 382 619 208 201 107 352 512 201 475 457 626 18 178 658 264 40 133 628 612 353 45 665 521 392 361 432 309 602 447 4 352 512 492 349 428 344 6 705 555 506 200 273 413 71 151 554 640 286 163 314 697 432 420 334 612 348 575 447 65 213 559 253 402 448 488 54 110 185 47 438 32 91 4 589 353 174 489 404 527 27 657 623 313 703 269 57 111 88 721 228 575 346 12 605 160 455 53 196 525 60 601 426 210 341 375 241 57 449 493 475 262 498 596 659 656 162 190 404 326 528 394 654 297 651 292 467 213 670 212 372 640 249 493 658 169 13 269 569 608 421 186 648 711 410 202 548 90 179 515 314 655 214 174 166 91 599 236 44 580 624 668 421 695 387 289 56 374 519 102 351 338 581 328 180 680 86 421 159 665 591 201 679 282 20 175 259 466 569 370 694 181 76 100 18 380 142 393 187 182 30 99 596 17 696 163 232 382 8 19 352 691 671 330 97 214 370 32 483 530 488 160 668 48 210 610 348 264 693 409 716 270 644 180 640 591 252 518 19 656 720 567 623 429 279 5 697 54 143 62 377 359 410 606 529 572 650 545 631 81 670 58 562 246 118 603 441 195 53 295 443 450 303 592 422 315 320 691 197 625 552 594 490 275 357 578 697 555 366 599 411 96 199 178 330 22 163 339 601 269 4 294 211 462 319 89 119 249 119 36 187 677 38 537 97 508 47 637 244 200 410 599 92 84 661 704 483 307 593 685 505 593 268 267 618 538
366 135 197 136 67 259 631 146 437 728 682 473 449 635 529 116 241 140 94 279 157 650 84 279 169 84 665 94 200 220 708 229 575 318 40 32 388 515 218 617 257 367 482 590 92 198 324 194 524 432 141 692 180 661 654 678 274 666 34 172 605 639 138 724 443 90 53 721 63 28 215 376 668 47 353 54 164 593 471 59 725 469 109 38 619 540 718 530 611 414 2 233 73 509 212 653 505 197 660 482 531 468 147 427 200 218 537 65 163 108 100 233 254 140 96 364 46 451 717 153 55 298 369 286 516 570 523 464 284 524 544 121 408 361 275 107 474 333 12 537 367 25 723 73 215 378 645 439 148 70 345 148 318 269 371 79 715 197 698 495 697 174 59 363 178 412 81 275 731 524 310 486 135 655 707 21 497 683 678 234 144 227 252 729 484 59 424 141 349 401 518 561 581 135 263 682 147 118 349 10 165 131 646 543 54 237 80 320 344 79 575 53 169 318 372 298 318 412 638 634 396 524 620 494 650 245 577 657 199 519 600 729 612 221 303 716 153 79 645 501 305 285 257 191 711 341 375 23 473 162 560 140 123 659 384 340 360 505 472 682 692 125 134 143 258 507 469 460 289 19 584 108 189 556 143 397 301 68 434 603 115 66 1 634 684 531 103 113 486 66 618 86 191 280 588 604 373 473 30 557 325 232 708 330 60 224 284 104 199 547 435 3 74 395 427 33 657 223 309 178 148 409 591 114 591 25 377 389 5 330 453 485 41 290 252 284 196 33 384 349 574 315 584 95 216 162 388 502 682 507 272 511 22 401 416 57 504 130 644 363 355 192 379 645 588 645 277 559
366 60 424 516 632 694 356 384 512 625 585 549 118 160 212 381 255 194 418 366 472 22 521 227 416 167 41 559 307 625 541 179 159 529 570 276 180 213 361 292 309 466 354 14 165 244 595 719 422 560 300 598 403 467 536 477 167 313 47 539 260 332 141 573 131 212 663 516 62 25 119 59 427 187 454 713 152 134 590 474 615 665 343 265 163 249 654 611 619 707 372 728 192 369 547 604 5 575 33 19 61 593 457 186 470 332 543 103 277 103 251 336 668 628 53 330 208 109 603 172 545 656 142 255 544 402 353 111 208 265 278 559 253 122 92 392 184 545 265 295 308 510 710 258 270 386 110 433 131 377 286 718 698 672 91 269 611 537 273 566 512 513 362 183 706 56 142 637 29 68 36 244 193 570 278 161 632 319 716 546 601 454 9 345 195 438 287 486 281 414 112 529 638 53 182 509 246 552 356 692 410 103 83 463 509 680 18 153 428 195 206 580 600 485 538 495 229 515 415 400 385 1 506 94 594 227 707 80 574 591 182 83 280 548 246 629 27 219 555 237 24 174 470 562 57 422 71 520 204 280 620 427 413 308 684 303 19 181 712 637 115 216 161 384 58 538 285 451 91 27 603 528 22 260 176 164 362 585 162 145 424 66 471 71 411 13 404 638 648 381 625 693 23 139 362 622 616 149 363 170 696 457 482 111 64 4 95 247 692 315 20 245 462 695 450 565 599 43 443 135 278 589 387 652 340 186 424 228 691 144 556 706 194 367 546 510 74 619 341 331 102 560 335 321 717 319 432 80 686 405 32 19 721 332 106 397 75 36 503 296 150 30 365 366 541 532 673 280
370 71 389 575 60 417 64 39 561 618 252 708 362 41 658 698 364 225 120 377 79 313 112 242 44 345 341 502 192 143 362 30 511 378 307 172 707 624 444 596 409 679 418 313 386 455 324 413 23 604 281 157 110 311 148 359 378 474 512 408 606 701 681 21 323 438 157 630 305 149 285 414 454 337 301 554 571 617 633 222 100 160 654 690 199 561 315 118 199 418 565 436 712 364 475 593 104 444 61 263 337 522 189 129 222 331 651 140 177 134 407 390 291 282 302 489 213 375 262 641 246 561 703 703 280 546 529 376 91 355 227 19 66 562 184 597 138 404 676 585 528 659 139 527 584 682 349 85 379 299 485 43 569 259 669 250 620 512 176 307 535 398 590 18 383 377 61 219 110 418 12 480 664 509 634 283 418 589 456 702 71 494 344 626 357 726 398 642 192 469 242 169 75 378 85 99 659 702 652 149 213 37 24 486 351 491 561 438 722 517 97 337 705 33 628 21 359 614 142 2 392 544 727 512 470 574 582 659 323 280 371 17 673 125 424 283 455 736 330 630 404 465 581 77 94 217 675 155 231 281 484 31 297 221 437 425 566 154 527 573 608 306 41 118 228 157 669 719 331 227 340 603 645 247 511 135 472 229 585 81 391 383 625 562 334 612 113 513 121 668 180 238 684 194 7 369 305 253 205 726 567 304 482 561 206 658 145 125 701 307 314 219 359 506 278 547 144 616 647 239 711 380 481 661 422 539 601 484 632 428 707 404 337 444 24 334 559 506 292 669 57 205 187 537 667 623 103 521 472 422 493 39 13 294 428 604 468 371 392 388 10 512 150 635 643 291 180 657 432 472 113 481
374 155 362 588 410 421 634 527 26 377 643 202 468 658 260 264 408 67 518 163 92 638 174 233 208 676 36 469 331 602 556 26 571 651 710 220 720 315 604 85 543 126 669 284 366 341 514 558 581 313 179 405 654 339 142 148 699 7 420 1 703 203 280 298 23 747 375 684 114 688 124 7 293 316 486 562 360 213 32 511 149 408 360 498 563 729 73 394 467 718 73 421 22 728 476 631 453 187 441 519 642 430 200 341 270 715 226 626 117 561 645 537 118 305 522 638 145 135 654 12 378 600 391 505 112 711 458 96 244 23 640 455 102 69 452 249 379 306 293 186 50 15 174 333 61 637 8 295 190 603 93 305 730 674 375 287 179 209 668 236 571 671 381 579 348 102 133 226 238 126 708 40 584 574 559 697 446 232 109 64 328 97 269 106 488 705 205 513 462 508 703 570 722 549 302 700 399 28 155 627 449 20 500 635 189 745 298 588 543 339 563 267 458 182 616 344 209 589 728 289 34 376 667 711 210 689 560 733 540 119 502 632 110 686 42 735 706 199 661 630 277 498 168 424 81 169 640 180 9 497 538 435 700 572 273 507 746 701 233 232 501 137 549 165 640 622 208 275 515 651 578 271 732 44 633 327 620 45 733 391 717 286 698 621 18 125 742 470 695 538 145 667 431 328 310 141 77 482 223 136 540 709 87 700 482 74 168 546 302 463 305 101 706 465 397 544 129 309 714 316 92 15 182 612 202 336 417 642 35 681 631 339 176 530 174 505 524 552 742 324 500 20 663 571 5 436 202 266 400 252 661 600 331 427 222 186 117 497 595 318 709 565 15 630 647 124 110 616 233 279 594 247 554 56 425 419
378 282 744 602 705 430 456 688 94 106 22 313 195 261 579 179 181 319 32 488 425 303 47 641 499 436 490 85 57 484 305 397 417 608 41 55 707 469 174 679 286 281 142 162 29 116 317 469 560 424 208 511 366 291 703 183 297 119 597 585 399 470 623 290 109 346 630 620 270 296 125 72 300 267 114 382 176 47 684 48 314 333 416 458 11 0 62 551 436 710 298 296 124 372 563 254 747 357 5 102 710 95 653 636 471 583 686 437 747 413 504 623 192 658 662 401 331 314 160 749 503 199 614 15 470 583 444 240 88 245 523 734 585 238 575 258 181 523 413 634 264 71 581 443 521 375 388 498 110 162 524 175 721 36 390 687 680 747 67 530 609 427 317 489 395 720 400 362 158 349 717 259 77 653 87 402 568 109 361 350 640 186 381 230 466 134 334 11 524 212 718 541 114 528 329 220 196 283 603 726 4 171 521 730 46 269 418 543 87 451 434 529 728 558 357 751 721 193 314 492 63 525 168 300 412 292 478 201 625 0 197 99 599 340 464 390 536 484 595 492 305 19 707 643 687 37 156 104 383 215 314 511 641 665 185 4 138 277 95 692 713 46 396 179 28 320 561 33 662 346 382 719 263 662 1 604 96 590 15 606 516 364 503 741 424 304 141 316 584 185 191 717 582 468 142 422 347 237 49 533 136 110 313 83 516 335 347 167 671 129 221 306 23 255 198 214 421 66 157 687 325 674 730 190 684 696 533 504 695 575 695 570 652 466 464 476 288 518 77 429 229 595 673 209 81 7 420 544 562 233 644 398 719 653 379 351 20 327 109 14 416 283 472 158 25 241 22 727 575 147 156 87 683 526 181 682 633 676 544 249
382 83 431 670 219 388 460 155 569 176 750 40 515 391 567 254 503 287 453 201 175 428 635 492 516 83 624 30 381 670 217 754 745 441 596 273 52 250 169 523 701 243 599 167 317 332 211 552 152 55 675 539 309 306 85 63 447 519 589 233 606 196 552 508 126 676 238 670 719 111 98 419 689 75 125 597 122 68 99 586 503 325 419 751 46 6 755 756 241 97 150 533 76 222 591 176 131 226 653 276 547 704 461 176 635 388 613 33 400 56 391 1 360 330 171 510 487 757 512 20 680 92 215 177 72 425 252 471 465 297 531 423 555 388 683 609 261 692 757 249 746 90 146 753 138 470 422 342 465 726 52 37 495 586 598 512 593 417 617 495 749 758 737 44 741 456 445 488 333 374 80 383 742 309 400 491 51 563 94 757 353 726 503 580 656 385 389 160 621 338 159 636 118 350 508 17 377 286 367 754 632 439 584 155 527 475 492 589 750 687 401 632 161 568 634 542 61 318 325 272 194 207 25 443 751 234 466 180 464 189 552 74 366 112 153 608 170 741 519 490 332 582 184 583 547 664 389 302 749 681 574 339 242 669 608 192 544 573 418 749 60 572 574 465 31 338 743 40 228 609 116 618 323 44 235 612 186 591 462 264 606 530 26 435 364 615 93 704 559 478 663 299 244 530 146 272 585 252 675 24 329 567 27 750 542 118 706 455 85 14 242 476 611 486 757 356 65 88 163 304 277 204 48 41 565 680 346 164 602 651 246 62 16 472 167 9 269 269 328 55 430 137 418 522 658 45 753 58 600 3 367 89 269 260 332 369 329 549 24 31 265 85 54 354 108 256 235 490 758 119 247 295 532 681 87 490 588 70 151 325 351 101 499 264
382 84 603 354 717 473 121 171 164 444 198 580 225 6 21 728 610 50 696 652 597 654 233 279 471 121 183 72 429 103 416 597 328 549 617 494 123 525 10 533 36 216 445 350 228 643 747 75 264 731 296 584 356 751 684 706 668 706 3 14 630 66 134 345 502 98 676 292 303 62 595 493 216 566 757 419 671 697 574 354 582 168 561 177 407 342 439 680 85 22 188 700 123 616 585 701 647 49 579 447 637 394 645 80 512 384 325 705 434 453 195 31 637 609 151 78 642 469 284 316 93 413 323 224 499 587 405 525 709 514 664 666 214 751 174 465 45 111 615 171 319 651 459 314 8 468 394 510 321 153 583 254 265 116 521 226 718 699 429 609 339 211 227 739 503 246 434 189 111 706 354 121 382 608 654 338 458 692 196 398 160 553 495 418 761 735 31 388 758 55 246 678 620 120 133 612 656 255 34 272 353 39 608 348 4 401 342 241 185 182 649 525 282 520 111 183 496 673 128 493 105 670 388 516 605 748 462 313 201 466 600 232 424 192 655 386 458 264 669 710 584 251 75 123 753 156 758 50 676 100 533 328 504 93 123 593 435 84 103 469 312 312 440 518 538 572 218 188 332 481 683 620 292 418 583 354 112 736 376 261 587 101 70 191 15 391 403 131 141 124 250 683 666 354 598 198 532 381 92 22 352 637 349 109 351 466 432 204 736 103 38 36 652 44 221 297 138 725 221 460 190 369 194 503 67 107 238 603 600 490 282 64 459 713 58 589 591 557 279 74 133 592 78 36 729 82 700 711 532 135 168 51 427 719 617 454 619 440 507 27 599 406 631 34 382 522 403 571 569 611 658 225 392 622 388 121 712 449 556 143 519 445 656 335
382 378 477 416 745 619 583 9 196 626 513 503 697 398 461 538 89 277 130 192 514 536 36 28 714 246 492 479 259 202 288 42 360 669 476 518 324 270 369 295 315 708 186 177 151 614 401 653 263 65 696 514 119 646 358 166 710 164 394 646 212 702 274 587 211 211 585 67 287 78 699 301 178 424 561 449 151 347 148 555 88 564 671 625 195 499 417 600 26 69 204 413 684 67 186 618 636 348 720 649 611 224 704 645 601 463 496 464 361 371 265 423 607 647 10 105 395 374 654 570 375 640 619 69 721 450 121 591 563 356 505 319 646 596 560 379 729 206 31 466 372 422 602 62 673 57 342 720 296 721 239 90 526 217 97 447 232 117 358 535 231 605 434 448 663 367 501 546 563 664 205 762 560 560 337 419 649 191 707 37 415 621 558 537 90 728 280 112 340 724 44 718 567 411 254 300 190 485 423 285 323 544 308 442 600 473 72 110 380 119 195 220 357 280 219 505 730 184 210 737 573 429 44 59 399 593 588 185 74 187 568 615 7 67 285 362 95 265 737 59 271 45 154 405 95 603 626 241 403 208 745 689 717 493 277 527 17 599 97 97 502 313 410 717 568 459 7 459 455 650 109 739 540 436 51 216 342 480 152 724 167 357 728 575 410 2 107 420 149 212 130 760 352 581 205 515 417 10 285 564 679 425 166 692 365 607 352 31 72 534 173 515 424 10 262 426 409 506 412 472 679 565 27 580 270 102 287 83 458 40 729 414 101 628 608 653 757 687 380 253 28 50 715 185 406 307 661 373 464 648 107 672 404 735 568 735 470 273 93 88 669 491 346 558 119 521 623 107 453 74 412 483 592 497 334 74 730 82 649 385 607 738 570 430
390 171 461 17 660 158 186 210 408 359 51 123 552 47 461 767 541 353 597 164 325 117 712 312 638 565 95 753 552 341 584 467 664 121 184 462 150 27 120 123 288 726 206 71 173 129 104 730 713 336 609 375 322 757 392 260 364 274 54 469 243 179 364 391 370 42 146 550 353 150 703 25 741 109 140 368 438 734 530 156 251 187 300 505 419 26 72 102 751 40 679 363 345 694 475 528 267 423 60 107 395 621 653 269 65 637 470 46 66 483 258 156 35 766 693 669 364 3 512 722 349 341 665 659 333 417 352 172 767 629 287 198 258 76 5 657 472 123 440 601 748 513 415 499 319 760 107 52 489 389 506 374 412 597 9 136 384 326 202 564 232 516 288 462 412 508 564 686 489 55 306 766 465 743 175 497 9 163 675 688 226 519 79 417 776 99 434 615 535 724 708 115 580 297 177 349 173 753 618 646 258 566 248 90 689 262 399 322 735 708 118 581 92 714 333 534 539 69 466 82 60 3 559 714 349 705 417 562 557 195 52 218 302 31 446 334 131 26 610 311 142 510 501 135 631 401 724 775 412 196 458 603 602 758 572 277 298 514 348 745 696 224 550 38 451 244 601 72 734 484 553 54 693 610 543 561 129 630 709 558 647 289 236 132 449 68 338 287 442 731 326 243 574 314 65 180 323 705 427 400 598 588 96 276 15 115 62 469 502 608 324 193 512 759 762 692 322 467 483 445 578 604 230 531 17 659 341 506 580 361 438 285 599 184 224 359 89 676 21 126 746 533 667 546 675 451 375 759 441 475 287 462 205 758 754 601 297 220 443 768 405 694 702 39 222 74 647 564 694 135 687 57 446 471 658 556 170 69 184 279 638 73 152 422 758 186 355 50 777 55 314 598
390 296 445 721 559 650 712 648 75 611 223 622 775 84 82 3 254 411 507 505 322 401 700 125 107 135 144 51 143 53 591 437 642 693 102 632 359 104 8 496 612 92 80 639 189 436 773 266 558 575 493 404 540 486 227 724 750 550 436 312 620 70 697 562 151 358 14 771 766 77 727 520 407 342 449 458 748 124 582 765 650 604 608 461 476 166 372 775 596 192 234 573 513 744 396 520 527 62 26 158 638 322 219 167 113 504 158 550 218 560 161 242 42 394 249 659 735 537 223 290 267 766 702 292 762 71 635 319 506 5 52 453 447 582 470 566 707 410 318 587 566 712 737 421 495 255 415 614 465 131 323 335 487 22 618 191 485 575 640 74 315 202 13 343 669 708 703 506 392 530 760 140 514 13 673 5 26 564 638 445 473 430 207 498 316 68 248 483 361 446 414 359 167 366 338 321 495 560 506 349 697 165 502 216 733 729 438 503 438 526 7 477 459 292 616 562 255 483 541 205 436 690 272 420 451 684 267 779 349 774 259 142 375 685 186 742 425 584 224 563 614 111 332 137 277 711 233 305 142 302 412 559 58 724 225 675 646 223 203 476 578 655 762 475 476 624 665 728 349 119 450 204 703 282 669 375 457 573 475 656 153 686 49 701 422 336 621 735 626 321 303 454 387 637 210 343 263 61 665 718 456 212 220 773 385 579 582 58 647 653 373 411 72 777 329 98 598 33 583 711 175 83 188 548 505 302 611 395 163 449 5 591 474 564 310 246 89 248 302 539 370 767 206 230 738 296 88 40 318 638 383 144 16 156 83 614 168 49 526 550 213 283 333 283 267 379 372 475 704 526 87 688 396 681 95 779 168 333 152 485 232 443 298 305 561 382 318 268 334 290 302 22
394 123 363 310 773 119 462 394 652 45 98 305 411 47 514 253 326 87 23 253 40 100 437 471 635 706 727 8 750 474 60 767 439 157 337 449 362 70 369 77 193 179 512 6 274 203 328 141 383 486 541 207 304 57 187 309 771 680 110 591 497 534 676 432 312 428 174 762 589 183 386 216 773 422 199 0 49 626 174 455 3 559 584 341 503 313 374 687 167 766 349 396 610 727 333 198 700 677 420 629 312 215 335 514 132 712 18 173 557 667 232 258 65 423 122 260 32 242 180 761 685 34 637 168 471 159 493 274 498 603 492 268 232 148 326 25 266 413 161 482 208 767 612 613 372 346 246 105 466 500 324 115 34 394 158 333 545 439 154 583 651 245 556 526 369 769 354 506 380 646 561 345 78 215 513 52 651 57 508 782 91 558 193 675 324 567 202 393 402 772 450 613 199 117 694 333 394 200 660 481 407 567 299 600 239 376 706 438 771 683 119 179 132 301 275 270 725 403 784 667 163 355 738 560 677 129 457 732 543 745 341 160 679 53 613 639 498 447 22 207 623 8 683 135 204 362 347 522 265 274 452 578 617 128 144 784 773 724 292 476 422 609 563 24 138 91 534 71 220 121 402 469 504 238 364 648 731 263 54 412 423 554 400 333 111 535 110 209 47 438 743 474 707 367 396 332 196 213 298 523 442 605 428 197 627 521 67 781 350 365 185 183 64 757 323 649 524 37 675 270 399 585 247 785 139 48 736 380 475 45 168 370 672 448 243 233 257 550 404 454 193 319 183 512 659 76 310 678 700 59 727 52 375 668 648 125 62 539 509 631 51 489 536 315 155 755 485 345 55 372 609 563 228 26 341 442 613 448 633 587 353 297 312 739 573 718 701 421 325 158 716 230 82 496 390 513
394 336 295 271 272 306 676 479 280 369 122 107 777 510 334 104 81 293 561 330 347 483 8 452 40 327 723 117 748 415 205 650 349 358 723 641 511 120 509 13 402 74 729 272 506 314 441 52 410 387 194 725 597 87 328 6 123 488 30 141 56 518 486 533 336 440 738 65 194 312 62 531 513 631 599 286 270 56 477 563 233 659 39 425 131 22 694 578 413 196 697 600 452 249 84 201 423 122 335 547 660 753 432 111 327 469 296 318 659 397 1 701 463 539 780 25 272 89 680 46 482 787 258 311 434 31 80 152 450 656 587 363 301 709 426 138 223 464 206 578 517 28 586 553 256 215 759 586 414 88 430 200 172 144 44 544 349 551 611 439 737 46 728 658 784 425 36 628 458 328 570 55 105 325 757 753 763 153 470 200 679 504 502 462 776 703 40 699 114 523 533 761 489 137 150 755 353 588 750 577 423 98 78 109 741 677 610 449 227 702 771 194 65 708 780 542 729 396 5 665 514 60 698 689 578 524 362 599 783 695 716 552 578 243 735 357 643 402 134 202 646 322 524 785 18 648 54 71 53 648 303 534 303 244 84 117 21 18 39 148 276 167 756 387 471 544 200 684 628 257 519 593 551 41 121 307 569 151 363 392 497 189 433 126 265 433 489 404 244 645 456 476 348 28 128 155 698 599 557 58 234 193 201 598 79 209 738 302 287 384 180 463 199 269 603 174 603 526 68 522 502 691 423 738 593 177 767 547 27 480 230 387 163 712 461 156 563 552 259 416 70 132 152 401 582 672 76 234 534 726 663 501 275 19 347 732 756 151 723 109 31 614 126 4 717 245 26 29 619 26 574 101 47 101 440 420 646 170 294 337 76 115 596 406 661 406 620 57 542 90 625 395 399 209 267 751
402 185 406 460 767 81 204 115 520 108 231 710 143 369 743 108 87 292 229 203 666 335 105 96 474 622 87 203 719 592 657 630 801 659 713 628 444 257 566 336 562 374 58 95 131 525 188 425 571 36 545 19 157 274 606 503 586 512 444 279 391 111 117 167 675 705 21 399 446 411 139 468 37 146 632 187 772 314 555 801 308 614 763 206 370 368 328 586 176 243 449 448 162 746 142 329 345 703 174 654 604 327 259 589 379 152 114 290 30 771 63 431 497 33 569 399 287 650 433 292 181 500 33 668 264 432 577 493 577 449 765 448 242 32 572 730 25 166 238 788 433 431 427 566 64 789 777 318 420 380 126 399 772 294 786 236 9 118 224 398 33 125 112 214 666 53 561 493 398 596 489 60 34 729 217 796 19 348 433 259 531 738 349 569 497 489 183 218 652 493 223 633 795 33 687 559 202 682 784 24 698 43 209 422 250 719 493 246 355 119 222 183 251 32 358 372 294 729 765 350 644 281 245 3 61 379 145 338 324 204 199 782 781 4 252 222 153 600 611 735 222 339 559 219 396 259 504 21 587 260 282 637 443 270 593 258 212 496 595 192 348 168 122 297 246 124 203 253 235 705 388 672 72 389 757 680 12 351 199 143 615 118 696 262 766 597 295 711 764 301 9 574 393 236 133 71 108 157 472 220 555 421 251 715 136 494 211 70 686 182 718 423 249 51 289 780 630 742 620 357 609 381 195 477 167 103 179 510 401 151 0 718 506 201 311 710 642 554 233 573 116 725 302 599 481 641 182 342 478 447 628 370 314 286 193 450 795 308 324 30 621 46 638 152 355 418 614 787 361 652 566 514 680 407 563 149 60 586 302 601 140 768 530 248 403 514 126 85 151 438 88 67 519 706 752 168 338 703 729 438 63 582 614 736
406 263 681 683 320 806 519 578 596 59 198 772 123 266 364 120 176 9 791 430 465 14 101 277 586 565 648 680 515 134 224 562 560 140 750 20 443 560 466 200 66 526 83 615 186 479 783 530 226 769 252 14 176 18 806 642 359 784 43 616 359 614 683 230 157 263 249 709 317 654 570 477 301 347 167 576 467 449 68 374 264 20 395 693 420 245 248 659 740 499 502 415 126 111 451 535 11 603 577 787 603 189 523 326 113 659 694 130 525 479 693 249 0 546 680 27 126 368 30 660 100 145 614 602 613 767 424 203 149 142 135 645 524 237 769 218 158 410 741 764 428 270 563 461 104 189 192 734 792 370 573 202 594 266 535 289 501 515 97 671 387 527 594 551 391 567 397 278 439 708 334 603 282 103 1 106 621 453 358 22 766 669 69 785 658 57 745 182 708 579 268 61 418 496 80 86 33 448 367 262 766 418 155 400 83 128 147 129 523 171 510 660 98 28 754 122 779 96 192 595 583 343 484 466 623 185 532 569 797 429 141 501 199 218 231 648 572 35 601 160 115 223 297 510 219 220 694 765 79 539 389 785 259 654 561 741 707 637 521 370 389 557 513 526 548 266 361 554 589 250 404 453 627 417 12 376 354 767 131 280 52 501 620 15 351 165 526 142 796 311 285 563 699 52 154 234 264 389 354 594 277 285 402 642 595 280 495 427 157 478 610 739 190 655 49 72 775 506 761 295 181 587 155 571 220 682 525 542 116 221 241 424 439 386 467 143 406 155 693 360 496 642 699 724 779 608 678 593 622 215 197 309 717 708 119 384 550 634 255 175 473 764 211 414 572 329 288 263 428 546 4 766 31 729 725 706 149 350 83 495 661 397 451 269 211 767 781 222 600 84 143 89 395 678 763 233 319 392 303 617 130 691 142 623 443 749 484 725
