57 5 3 9 6 10 5
18 6 10 8 6 3 4 1
20 8 3 7 4 14 1 6 9 5
40 8 15 4 5 11 13 9 6 8
32 9 10 16 4 8 11 7 18 9 6
57 9 11 12 2 3 1 16 8 9 6
35 10 10 3 16 6 20 12 2 7 4 11
77 12 8 2 23 24 3 18 11 15 6 22 9 19
102 12 13 3 23 12 9 6 4 19 24 11 10 20
61 14 5 10 21 18 4 20 8 24 12 6 28 1 11 3
71 15 5 9 26 11 19 25 7 1 29 2 30 12 21 14 23
103 18 10 8 13 27 18 14 19 34 6 2 5 23 15 24 28 29 26 25
49 19 28 26 13 24 16 10 35 21 33 8 22 20 29 15 32 36 3 19 30
111 22 10 24 9 36 8 37 14 41 26 40 3 16 11 23 12 25 38 13 1 20 22 17
117 27 35 33 51 2 16 10 7 17 45 18 25 13 39 20 29 4 32 37 31 24 49 15 27 19 43 54 53
202 27 38 34 40 37 39 36 33 45 18 24 19 7 32 23 28 44 11 49 26 30 10 3 50 6 47 15 14
63 28 5 16 26 56 40 55 2 24 10 9 29 54 41 8 21 7 13 18 25 37 48 35 23 20 49 15 45 4
366 29 41 2 58 45 19 53 49 20 35 9 4 48 56 40 11 1 12 42 37 34 14 57 15 16 10 13 33 55 21
108 29 44 14 15 7 41 35 2 54 39 26 16 29 21 56 9 18 6 55 4 25 40 57 17 51 23 13 10 24 46
77 31 38 27 26 22 58 13 55 20 39 50 32 14 59 16 31 56 7 36 8 9 15 44 45 25 62 43 47 12 52 51 46
31 32 35 5 9 11 15 34 20 24 49 55 61 60 27 16 54 22 40 43 57 58 14 37 10 52 39 59 17 42 32 53 56 12
278 34 3 57 54 61 19 62 2 55 42 18 14 51 37 12 41 11 64 30 53 20 49 47 33 26 65 52 34 24 40 68 32 48 13 44
177 34 10 31 43 9 28 19 59 33 63 54 50 27 45 25 18 44 4 6 11 58 68 22 39 16 52 7 56 35 21 20 49 48 34 37
153 36 34 24 71 3 56 42 25 60 45 9 59 39 6 30 57 49 48 20 64 16 31 40 19 1 26 50 58 5 23 29 69 33 37 13 8 53
89 36 5 4 72 43 67 50 15 3 25 29 17 45 12 64 42 52 23 54 34 14 16 36 33 7 70 47 53 57 26 6 37 19 22 58 38 69
206 37 45 70 26 20 17 48 27 49 32 40 60 54 11 23 18 36 6 7 3 61 1 52 44 33 15 35 63 34 64 38 51 41 12 22 31 25 57
94 38 59 65 26 61 27 13 50 40 17 11 63 19 14 75 70 9 24 64 39 74 67 66 44 21 25 15 54 48 62 18 69 20 72 57 16 55 36 45
124 39 72 1 49 63 25 11 4 10 47 3 2 58 65 21 23 48 70 17 32 44 39 54 77 62 8 6 14 56 45 31 12 51 40 61 71 73 67 52 50
334 40 12 26 37 33 8 47 70 68 11 49 53 38 34 63 59 29 36 65 39 44 4 58 71 66 16 52 79 14 80 25 64 73 74 57 32 50 55 24 51 76
181 40 9 61 45 11 21 25 46 62 29 32 58 70 20 78 53 8 44 22 73 59 56 24 43 47 57 40 28 72 48 30 74 64 1 34 49 71 38 6 65 19
306 41 63 22 62 3 20 36 13 39 72 18 43 2 37 65 15 48 1 45 32 61 25 73 81 44 69 35 70 26 60 59 75 19 66 76 23 33 16 9 77 12 6
339 44 61 5 14 73 63 1 15 40 12 16 30 72 56 32 58 59 11 9 2 88 51 78 26 36 69 77 20 48 46 29 18 75 27 55 66 67 31 41 49 70 6 57 54 50
186 45 82 83 42 89 68 49 67 61 29 79 19 26 14 69 81 7 52 5 43 16 2 78 59 54 62 41 85 45 84 40 25 22 6 55 71 86 13 8 88 21 32 11 1 20 12
221 46 29 82 67 36 58 17 62 64 30 91 80 31 42 35 63 14 45 23 44 10 71 87 47 16 24 32 6 76 25 54 51 27 40 81 90 56 12 69 4 55 70 86 78 37 65 46
163 47 55 10 81 61 18 6 4 52 89 64 79 94 36 60 30 84 19 5 15 31 58 80 51 78 76 11 68 16 49 62 27 9 91 54 53 3 73 66 7 28 82 69 1 83 46 39 33
81 47 91 72 57 10 18 38 93 63 5 64 52 32 44 43 61 51 8 82 40 9 50 59 25 7 30 14 70 33 80 26 4 45 35 74 27 94 15 78 21 34 11 48 13 49 29 28 62
284 49 43 85 3 54 63 25 64 73 94 90 31 34 50 10 86 57 33 62 13 17 87 74 82 35 80 70 75 89 47 27 91 29 18 77 95 44 92 22 52 36 96 46 2 56 48 83 49 26 7
572 49 52 92 72 48 66 83 16 89 98 62 81 36 45 49 54 77 91 20 94 12 51 57 69 40 68 50 41 96 30 25 73 5 3 29 60 58 85 64 34 71 76 24 43 15 32 22 97 26 88
423 50 26 94 61 11 60 88 55 80 67 34 8 68 93 27 91 53 83 5 25 20 51 46 62 54 81 79 14 72 100 92 84 33 38 50 42 75 9 77 12 45 21 31 32 63 36 74 99 58 47 76
198 51 21 37 3 29 27 12 84 32 56 46 81 99 2 58 93 72 28 88 62 20 67 26 31 85 61 65 74 11 63 16 39 73 57 79 40 6 102 92 41 25 82 45 89 90 80 83 75 86 8 5 94
414 52 33 94 53 38 41 17 85 84 75 47 73 57 78 90 55 36 71 32 66 5 103 8 101 1 37 60 14 83 9 43 6 3 68 100 44 70 22 98 104 93 20 42 27 88 51 23 10 21 40 26 86 64
458 55 21 91 16 46 85 70 36 17 79 31 83 6 86 104 93 1 81 48 38 105 8 4 37 2 72 33 34 29 92 102 3 7 88 51 63 56 84 76 50 43 96 25 19 39 101 13 77 66 14 64 15 32 103 49 28
260 57 73 8 59 39 98 58 44 64 53 23 105 50 75 86 2 78 70 113 49 48 30 94 36 38 60 42 88 46 72 31 84 100 22 45 114 65 24 82 13 96 74 25 14 90 52 10 85 66 77 68 107 80 20 106 57 108 67
214 57 56 9 99 93 50 63 32 88 49 4 85 53 66 36 73 30 41 106 65 105 28 19 46 22 67 2 110 69 79 16 54 35 72 102 47 76 114 70 52 10 87 29 100 95 18 25 51 62 14 1 61 45 111 75 91 78 21
457 57 83 7 34 14 73 74 75 50 110 44 114 90 76 80 10 29 37 43 26 48 33 111 58 88 89 99 22 109 53 95 46 66 23 36 72 71 54 11 102 85 82 21 38 39 77 24 25 35 96 61 15 16 18 19 12 27 62
169 59 34 25 39 1 22 63 69 36 28 14 96 53 59 11 41 43 27 31 66 10 113 7 71 87 110 115 8 49 81 68 109 47 118 99 19 55 77 104 12 51 5 67 101 103 70 16 57 114 37 89 98 30 52 62 111 26 44 15 86
406 59 68 87 79 46 118 5 114 59 27 28 92 55 69 37 75 31 3 110 109 106 67 78 58 111 71 100 61 17 89 102 49 29 93 88 45 24 15 115 60 25 105 70 7 13 53 16 77 50 96 84 14 39 76 107 36 104 112 4 6
336 59 79 35 11 13 49 114 48 29 100 104 63 60 17 106 94 8 14 69 57 33 47 10 61 108 56 12 111 86 16 27 82 87 70 42 31 53 50 21 90 25 15 46 115 112 20 41 64 116 76 68 28 45 102 77 81 19 105 66 113
377 60 80 69 12 45 38 64 119 71 53 94 114 108 47 21 18 73 56 22 27 105 66 61 46 98 33 13 31 59 77 55 85 97 82 92 19 86 106 90 40 110 102 5 112 74 35 24 37 42 78 88 115 81 2 39 99 72 79 63 7 57
310 61 118 85 88 18 35 49 1 16 23 3 114 42 63 12 104 61 96 83 68 121 101 30 77 111 86 79 50 98 40 90 102 20 57 108 21 26 31 38 55 34 11 122 10 37 4 81 99 107 82 94 47 25 105 93 7 9 100 73 45 103 72
423 63 75 71 81 20 93 15 56 104 116 118 18 19 8 99 112 7 3 90 76 88 58 47 38 117 68 11 84 114 79 126 37 66 9 4 119 86 21 35 102 46 16 120 34 62 51 80 69 50 78 12 77 24 39 54 53 32 57 2 63 73 43 74 60
405 64 103 123 22 61 27 112 9 88 70 86 8 107 15 13 93 79 58 104 59 14 65 69 60 38 126 78 16 3 64 111 77 102 80 24 30 94 67 75 42 106 28 98 7 84 99 39 19 95 62 11 90 66 74 52 1 36 85 82 43 113 18 127 23 110
247 65 20 74 130 26 60 64 56 48 51 87 1 65 95 63 18 88 92 28 76 50 85 40 2 3 113 12 25 61 114 43 117 110 81 33 54 46 31 119 80 84 27 24 71 47 36 82 4 112 69 42 10 104 125 9 77 70 94 62 123 52 122 83 67 16 102
234 65 58 57 49 37 92 7 24 101 53 40 88 30 120 82 32 86 15 72 45 39 20 74 77 5 64 59 87 75 115 97 83 113 95 52 35 2 63 16 102 100 105 6 50 129 42 21 18 71 47 56 51 103 112 68 125 10 84 19 3 111 106 130 119 70 67
307 66 72 60 111 65 101 76 37 128 63 103 117 44 20 127 47 100 59 116 69 93 121 35 71 99 58 131 70 91 34 130 94 6 68 50 95 51 56 74 77 41 112 42 90 109 123 64 87 132 12 7 25 30 22 27 107 28 1 9 43 120 14 108 118 32 29 57
144 68 18 81 16 89 11 101 79 117 106 51 108 62 130 70 96 97 136 126 49 92 115 133 118 48 113 128 20 44 23 74 77 33 37 3 4 75 65 59 116 124 112 76 99 110 15 98 43 71 6 57 67 109 1 131 119 102 32 52 85 122 38 42 80 134 21 64 86 24
603 70 52 80 6 19 135 121 105 32 60 65 42 54 129 125 46 134 92 139 95 69 91 28 122 11 5 23 71 44 87 112 26 104 20 86 35 49 130 51 29 68 138 9 85 76 83 98 115 27 3 132 4 124 100 82 15 89 96 18 78 140 34 75 48 88 47 33 70 74 123 14
517 71 88 96 130 39 36 50 118 102 141 107 30 114 112 98 74 18 43 99 110 85 106 87 29 68 28 97 25 81 42 139 48 27 136 65 37 34 3 52 54 140 89 72 100 126 26 21 14 108 19 58 95 10 13 47 128 83 116 9 134 121 86 49 117 69 73 104 15 75 5 71 84
324 73 31 56 48 60 113 133 87 93 8 19 17 112 107 18 136 119 135 127 24 65 64 139 129 73 78 124 140 12 68 22 23 52 21 16 69 25 79 92 49 110 146 138 128 37 102 109 44 80 120 33 66 75 100 131 83 117 29 114 126 45 96 108 26 86 130 99 14 5 145 43 132 6 85
262 75 22 77 149 115 41 50 6 17 134 91 103 46 132 68 3 108 12 63 51 25 18 19 47 55 107 119 75 45 10 114 122 15 43 70 131 42 56 21 109 78 117 141 102 94 20 76 13 72 148 69 16 65 9 85 87 130 88 48 62 40 143 113 1 116 8 81 82 89 118 57 129 66 138 24 37
610 75 142 48 143 74 148 23 138 134 95 19 56 132 127 96 107 110 40 54 8 2 101 149 50 28 122 121 42 61 18 102 37 136 13 80 89 124 147 58 112 105 62 63 52 139 140 145 123 68 27 88 141 90 108 137 103 44 49 125 87 35 22 79 128 43 94 33 114 82 51 135 67 21 45 120 47
797 76 147 68 148 3 29 2 20 119 23 6 14 15 41 134 44 25 40 85 76 71 82 73 52 137 116 127 45 67 126 39 78 118 151 47 26 99 84 50 46 108 56 59 60 42 145 65 30 141 140 113 11 7 107 121 57 120 79 130 24 98 111 97 8 63 117 94 149 4 62 37 106 122 129 28 90 103
178 77 50 72 25 2 122 70 121 123 111 99 63 92 1 4 107 85 95 5 138 154 21 14 86 39 126 89 130 150 55 53 19 80 119 41 113 10 110 100 40 104 106 32 59 13 93 118 91 48 37 141 47 127 144 74 137 68 36 45 151 143 131 3 81 7 46 90 34 115 114 64 26 97 108 15 124 52 94
576 77 105 127 154 77 11 88 14 41 130 3 79 20 47 98 114 32 115 49 84 74 89 117 143 66 7 31 62 119 35 120 150 24 116 2 111 56 134 136 145 60 80 33 125 25 63 71 110 64 37 90 27 68 52 69 18 57 109 54 122 30 4 152 108 128 19 102 92 95 97 50 29 72 100 96 124 40 70
312 78 141 92 99 52 4 7 74 56 117 30 37 24 106 118 41 57 34 81 51 96 35 129 69 82 80 23 61 95 139 121 54 39 12 151 98 122 154 49 59 119 68 18 71 63 16 26 132 115 60 120 140 33 146 55 45 97 111 2 156 8 113 145 155 28 10 9 126 58 150 86 5 66 50 116 105 27 43 130
400 79 139 47 32 155 154 55 22 56 110 106 135 57 18 91 80 36 101 108 142 76 130 99 30 34 148 16 132 35 68 19 33 88 86 69 81 97 149 11 7 136 123 100 85 122 58 113 112 125 104 116 118 48 78 98 129 45 38 14 2 133 107 70 24 156 66 72 3 102 157 52 62 141 134 115 6 158 71 111 9
368 79 133 152 149 74 143 38 101 8 94 91 45 63 71 117 26 104 59 7 37 49 69 40 151 86 150 130 24 137 32 127 121 70 41 134 9 108 46 34 100 18 48 138 154 1 124 61 36 14 77 142 90 78 28 29 84 66 112 106 53 54 157 64 17 115 92 123 95 11 10 132 15 148 109 88 82 62 3 57 56
521 79 111 1 146 142 14 106 158 98 138 10 26 86 101 60 100 152 151 89 85 61 65 95 137 27 63 96 135 34 47 3 17 44 103 104 11 124 29 52 33 139 71 15 148 20 94 144 84 97 92 74 69 2 21 57 125 79 4 24 73 31 77 130 140 66 99 136 93 64 35 119 149 25 67 81 32 28 37 83 48
687 80 80 130 152 105 3 153 33 42 76 2 1 79 142 13 157 63 49 126 143 27 53 70 88 118 96 72 102 6 108 87 103 148 66 24 89 41 101 21 23 123 62 134 39 133 45 32 28 85 159 119 140 22 4 17 36 61 104 25 124 117 58 94 16 136 54 9 30 149 154 114 131 147 14 122 47 68 46 55 35 51
182 81 121 43 102 35 23 145 53 146 40 135 152 80 78 25 142 136 34 72 22 87 60 109 151 116 65 54 15 133 67 132 115 117 114 148 83 49 7 39 17 159 127 119 63 45 86 79 52 19 150 158 90 111 59 58 47 120 30 48 130 131 110 11 4 12 16 14 94 57 75 96 21 140 100 42 27 147 138 89 61 157 112
537 82 100 6 91 98 148 152 146 111 22 30 164 55 57 36 134 20 74 25 75 48 103 19 45 21 114 119 143 78 79 93 147 26 130 108 18 107 3 142 9 145 1 89 71 133 11 70 155 83 96 97 13 161 128 35 31 113 29 46 43 158 157 72 88 49 102 160 90 101 17 51 47 99 58 56 16 66 44 106 138 124 53 125
610 82 142 73 84 118 2 65 81 92 101 5 60 55 57 48 138 22 150 89 8 137 79 113 117 64 1 140 132 127 61 164 124 162 16 30 46 9 115 62 161 42 29 163 72 11 126 21 151 38 75 51 6 143 109 144 88 128 76 136 24 27 154 33 131 135 108 47 112 28 100 44 107 111 102 26 98 122 53 10 103 145 56 133
692 85 161 157 73 85 134 38 68 166 77 4 83 121 8 27 53 20 10 55 146 31 98 43 138 115 24 74 101 33 125 75 7 139 99 22 100 152 160 117 93 169 155 80 1 5 162 103 46 37 51 102 148 57 13 120 6 49 21 50 87 45 109 62 153 112 150 140 106 129 76 126 23 127 63 44 18 26 58 34 111 54 164 128 15 141 131
302 85 123 144 43 74 132 24 152 124 111 34 129 21 165 82 96 130 104 109 95 50 14 103 86 142 127 125 61 62 119 40 3 17 26 131 15 97 53 65 48 63 32 161 64 12 2 135 118 147 7 87 146 6 10 121 38 164 81 16 37 138 167 55 31 139 75 70 44 170 148 92 137 80 153 58 126 107 141 84 51 102 151 114 79 99 45
348 86 158 26 99 146 71 49 137 159 24 82 35 66 130 23 126 62 109 129 68 140 117 31 8 13 144 21 3 94 172 106 47 88 40 52 73 61 148 163 74 79 5 56 42 131 157 15 105 97 118 161 170 30 169 134 87 125 145 16 153 54 80 166 29 48 141 17 2 156 103 72 41 27 70 22 64 83 59 143 124 121 149 112 78 102 116 110
548 86 74 129 101 139 113 146 76 12 81 62 38 83 94 32 8 15 56 92 33 128 2 9 161 60 73 140 171 121 28 124 75 164 160 55 120 84 23 82 40 50 116 130 7 77 25 69 45 122 86 145 85 41 27 144 156 68 132 35 169 70 72 165 58 114 117 123 99 34 151 149 51 131 147 67 172 47 98 135 22 150 105 6 136 110 14 37
877 87 121 67 83 166 37 70 80 68 8 28 104 14 116 57 50 152 41 81 153 165 146 61 73 27 48 94 147 87 129 7 111 131 138 96 171 125 114 126 172 79 4 63 78 40 47 33 46 141 135 17 124 43 72 69 149 128 151 32 31 103 3 29 134 99 148 74 108 110 132 155 97 127 58 174 49 71 106 162 160 157 139 133 113 136 52 168 53
299 87 67 153 136 123 115 77 66 100 52 174 135 126 81 169 90 132 65 15 29 68 164 122 130 85 42 99 105 140 35 144 1 62 45 7 152 60 10 131 89 157 27 79 61 72 22 18 53 19 69 88 25 63 116 129 41 127 57 118 75 58 24 168 148 159 6 36 39 51 50 13 87 49 111 173 139 119 80 109 9 161 16 73 21 38 64 46 108
240 87 47 65 62 127 35 161 17 97 1 149 135 22 121 143 120 78 20 125 166 105 155 82 156 119 26 23 126 11 28 58 102 49 157 134 54 56 66 128 136 44 174 39 137 16 50 118 131 7 164 96 21 74 81 80 154 77 123 130 45 59 87 31 89 122 167 116 158 147 79 53 64 30 138 101 6 75 8 168 146 103 41 95 27 107 42 94 72
553 88 65 66 45 114 146 106 58 122 172 119 64 123 103 67 101 3 142 46 20 111 76 135 91 68 171 113 1 161 137 10 74 43 14 95 104 153 84 28 112 61 148 5 75 24 42 108 73 151 120 134 54 36 4 15 19 138 143 35 176 121 17 92 12 9 88 2 11 145 89 87 132 50 152 21 163 47 124 26 27 80 32 162 7 53 72 169 127 131
346 88 70 107 94 109 49 115 74 21 15 152 32 42 136 138 97 78 85 75 146 122 147 80 144 108 72 117 30 119 93 132 101 23 89 8 83 46 18 54 34 141 48 66 111 100 164 121 90 62 157 13 170 125 12 131 162 173 143 6 128 103 87 9 58 155 14 71 145 10 38 161 56 45 130 102 37 2 20 35 47 28 158 171 57 150 19 120 43 39
447 88 168 119 95 114 97 106 38 61 133 76 139 137 86 28 152 130 134 58 162 138 94 154 174 166 65 148 83 2 150 18 16 37 24 10 42 175 54 167 142 75 96 67 122 23 116 88 49 82 99 73 45 140 124 93 11 89 57 17 171 3 51 155 25 32 121 127 59 87 64 104 35 169 173 111 151 44 22 164 118 60 92 136 109 165 47 125 160 80
399 89 64 172 23 14 9 65 178 125 86 69 153 146 72 130 51 149 38 141 137 84 132 44 24 4 15 85 164 59 11 32 105 151 129 62 122 37 120 121 27 161 123 99 18 93 158 35 94 170 108 134 79 155 167 76 48 22 96 61 175 66 95 83 117 147 41 52 26 12 81 39 116 168 135 148 145 29 107 3 17 124 5 126 128 36 2 133 16 13 28
568 89 99 37 160 135 133 1 12 156 25 142 9 16 118 52 124 53 19 171 140 23 164 70 139 100 122 128 114 169 51 178 47 95 24 132 17 20 149 155 159 119 138 29 8 147 102 96 73 4 27 125 150 92 36 129 166 65 106 93 79 77 107 104 97 86 44 131 48 151 38 5 157 6 34 30 59 88 146 172 28 15 94 31 177 152 42 158 40 78 110
421 91 25 32 74 35 144 42 13 108 36 24 94 100 97 61 72 134 181 15 168 67 173 27 28 112 140 44 40 125 19 85 153 82 17 91 161 107 26 48 154 18 23 37 49 179 106 142 2 171 162 62 175 149 1 169 83 30 114 55 158 80 9 137 102 126 46 87 73 59 75 56 156 33 57 101 166 120 5 38 111 20 31 130 147 81 150 70 155 92 131 113 79
545 91 15 61 138 80 175 124 168 131 63 125 144 26 158 72 33 121 182 55 96 178 77 54 22 167 10 120 172 9 12 18 123 27 42 152 173 110 150 30 164 174 38 119 162 97 101 43 16 58 177 31 83 161 53 76 171 149 100 118 73 35 84 133 176 60 95 5 88 115 86 70 122 67 85 25 111 134 129 46 126 98 106 32 103 90 93 71 64 117 116 36 47
418 92 152 99 70 64 12 58 106 94 22 119 167 141 161 20 56 11 173 127 137 131 72 5 123 130 82 101 45 157 179 43 51 35 155 73 124 59 98 66 142 172 110 181 32 108 33 50 69 7 27 102 148 67 29 171 47 136 112 65 111 156 168 164 4 120 68 44 48 91 144 128 40 10 115 3 178 30 133 74 166 19 53 92 79 121 80 134 109 132 177 55 34 163
368 94 117 69 62 130 63 40 73 175 46 19 146 43 184 68 82 172 106 153 57 144 178 148 176 101 127 55 137 95 136 81 133 181 70 147 77 8 50 156 18 114 186 78 65 115 132 160 109 173 34 30 67 179 7 171 28 1 129 125 131 139 16 20 94 88 119 103 121 4 162 61 164 145 41 140 22 5 74 174 60 110 39 51 120 123 79 151 14 154 97 86 122 58 116 13
487 94 175 171 21 163 176 38 56 51 14 53 96 29 148 155 23 43 143 93 129 10 75 59 67 64 44 150 89 140 104 2 76 118 74 161 187 168 180 50 82 117 137 48 100 164 153 138 5 81 179 91 87 68 141 113 99 133 121 158 120 9 119 15 160 61 71 145 80 45 13 66 26 165 132 114 62 142 65 103 92 63 85 188 6 162 88 8 95 106 144 24 7 30 60 84
731 94 138 45 66 183 143 26 152 59 177 5 155 31 109 168 180 146 3 153 87 2 100 7 61 188 22 119 47 137 97 147 37 124 86 51 48 30 136 101 90 65 122 114 148 175 17 163 76 139 44 24 72 39 84 80 156 159 111 140 79 35 105 58 95 157 99 81 166 112 107 110 63 53 113 78 50 167 11 28 131 57 54 20 150 56 161 49 179 125 160 134 82 187 102 186
311 96 74 76 144 78 150 30 67 66 39 47 161 46 16 82 121 10 15 166 138 29 117 177 56 113 129 107 17 160 165 70 145 62 133 178 174 65 49 50 192 60 22 105 184 162 51 136 125 119 139 40 80 6 87 57 122 148 143 61 152 85 126 14 31 175 24 181 8 140 180 35 5 95 90 2 116 89 77 164 41 94 155 45 97 153 96 146 185 186 9 132 158 52 159 25 100 69
273 96 153 43 99 13 156 32 48 4 44 40 166 151 82 100 93 14 124 128 108 33 17 50 37 138 46 134 66 75 3 16 131 90 169 144 20 102 6 2 22 152 24 118 28 140 103 130 172 129 76 147 107 64 141 186 36 117 25 19 54 174 77 85 98 60 164 183 47 179 137 104 97 157 114 52 132 73 11 21 121 8 136 92 180 113 115 176 135 51 91 7 27 12 65 173 111 59
485 96 37 175 171 178 179 111 68 74 98 176 138 133 24 146 124 162 79 69 191 34 145 160 177 45 76 38 141 53 72 167 93 46 128 13 90 56 73 182 122 103 81 7 31 43 148 20 1 32 180 84 168 11 60 10 26 149 186 61 184 28 91 114 58 88 104 107 5 49 151 181 189 51 71 159 19 82 87 156 185 112 63 169 152 44 139 158 70 65 192 47 126 147 3 52 2 137
777 98 10 125 46 133 117 82 33 53 45 93 115 180 155 178 74 7 58 153 137 51 188 193 174 85 176 128 77 190 135 123 22 83 29 38 173 167 194 189 40 168 156 6 106 158 56 144 49 140 103 164 162 59 78 39 62 27 191 12 142 23 99 57 18 84 186 19 157 31 4 30 111 97 131 145 98 187 170 177 86 47 34 69 192 183 169 55 179 122 26 129 54 36 150 165 3 108 24 175
754 99 22 129 142 179 108 80 114 79 117 196 12 135 55 185 125 5 190 121 56 97 25 127 180 113 57 181 154 186 130 119 166 106 160 172 11 66 146 157 78 58 89 136 131 15 68 49 175 191 167 102 94 104 9 122 67 173 16 45 155 116 7 31 193 13 8 128 110 43 70 153 84 101 158 77 41 4 32 141 61 183 139 76 137 115 21 53 36 105 40 92 10 156 133 126 198 28 75 51 85
721 99 126 107 49 57 11 177 85 194 147 86 116 123 110 182 5 74 152 189 76 129 155 14 38 95 153 45 94 40 99 171 151 137 97 37 81 148 176 55 6 9 121 127 104 64 48 53 16 173 71 47 198 70 100 180 195 75 52 138 3 62 112 120 142 114 144 178 163 140 58 79 88 130 33 34 166 172 164 139 118 80 50 135 54 190 170 17 119 175 30 12 133 89 87 41 84 179 36 167 128
503 100 106 54 97 123 162 41 74 189 12 53 150 55 104 126 32 185 114 100 143 125 57 19 197 129 132 165 159 10 45 161 156 181 43 92 18 183 135 174 186 191 102 63 61 193 84 115 42 128 198 180 37 49 110 50 96 28 59 5 184 26 2 111 194 107 149 27 176 182 73 68 88 8 16 58 146 179 21 171 33 166 136 169 46 62 69 122 119 80 15 145 172 173 170 139 155 154 7 91 75 112
697 103 47 48 59 39 41 171 53 184 76 156 174 65 70 161 185 187 160 176 74 55 111 191 133 144 180 17 101 118 189 105 18 19 108 96 89 192 199 112 158 10 66 51 83 142 20 125 102 117 78 147 110 50 91 11 152 84 38 194 63 27 62 119 205 81 4 14 87 6 24 97 173 21 58 64 202 150 128 139 36 67 127 43 162 138 90 95 177 99 196 153 183 12 136 9 172 130 203 198 60 26 121 155 44
964 103 63 111 165 40 42 199 189 187 127 32 33 202 56 26 136 131 48 123 178 104 193 103 195 12 15 31 85 181 152 139 168 112 151 108 20 60 3 159 204 38 121 91 166 129 145 64 192 201 107 47 79 23 37 180 51 58 2 114 9 174 172 144 28 196 98 116 141 147 122 90 184 160 50 44 170 75 25 72 97 34 154 142 186 59 16 185 177 119 182 14 46 86 30 77 10 18 171 138 6 71 8 155 55
581 104 150 100 12 24 81 140 107 71 138 129 95 23 2 206 154 200 35 141 195 14 190 151 103 25 11 167 188 166 208 192 109 32 170 47 137 155 41 194 186 30 27 183 31 174 42 7 86 181 68 77 198 159 39 130 18 168 189 49 58 187 90 117 26 197 185 51 119 163 57 63 66 36 13 116 165 105 115 101 60 4 156 92 143 17 75 74 59 205 67 114 28 144 48 108 33 102 96 22 91 53 118 89 184 124
