bool 10 0 1 1 1 0 0 0 0 0 0
double 10 2.5 1.9 1.2 1.7 1.4 1.6 3 2.1 2.1 1.6
bool 11 0 0 0 1 0 0 1 0 1 0 0
bool 12 1 1 1 0 1 0 1 0 0 0 0 0
char 13 l l i l b f a a s n h k l
int 14 67 62 39 48 59 46 65 47 62 47 65 40 68 55
int 16 27 12 10 14 15 28 10 29 21 8 26 9 15 13 26 21
bool 16 0 1 0 0 0 1 1 0 1 0 1 1 0 0 0 0
bool 16 1 0 1 0 0 1 0 0 1 1 1 1 0 1 1 1
bool 18 1 0 0 1 1 0 0 1 0 1 1 0 1 1 1 1 1 0
char 20 d b h i g s g h o k k s r g e q d r s o
bool 23 0 1 0 1 0 1 0 1 1 1 1 1 1 0 1 0 1 1 1 1 1 1 0
char 23 m g j h o r f s g f r f h t l b t b f f o n e
bool 26 0 0 1 0 0 1 0 0 1 1 0 1 1 0 0 1 0 1 1 1 0 1 0 1 0 1
int 27 12 29 23 20 3 27 20 17 25 19 28 24 15 18 20 21 7 21 7 1 13 26 13 27 15 27 10
bool 27 1 1 1 1 1 1 1 1 1 1 1 0 1 0 0 1 0 1 0 0 1 1 1 0 1 0 0
char 29 d p l p r i q j q r p e r t m e r p m o f h r i q k q n c
bool 30 0 1 0 1 1 0 1 1 0 0 1 1 0 0 0 0 0 1 0 0 0 1 1 0 0 0 1 0 1 0
int 30 49 63 65 53 66 51 48 55 69 69 52 42 48 45 46 65 52 64 46 54 55 63 40 48 68 47 66 67 47 40
int 30 21 30 39 22 48 43 28 47 44 44 31 20 27 36 41 34 40 21 25 42 29 19 30 34 31 32 20 47 27 46
int 31 38 45 32 43 50 32 56 34 56 44 34 37 43 32 56 33 48 50 56 56 53 50 47 37 58 35 34 38 50 53 57
bool 33 0 0 0 0 1 1 1 1 1 1 0 0 1 0 1 1 0 0 0 0 0 1 1 0 1 1 0 0 0 0 0 1 1
char 33 a p b n t l i m i g g g d q b q c n t h a c a k a o j a m t h d f
bool 34 1 0 0 0 0 0 0 1 1 1 1 0 1 1 0 0 1 1 0 1 0 0 0 1 1 0 0 1 1 0 0 0 0 1
int 34 32 55 45 40 31 26 53 40 54 26 27 49 44 50 44 48 37 31 45 42 39 38 44 28 32 47 42 26 35 41 28 27 55 49
double 35 1.8 1.3 1.4 2.5 0.9 1.9 1.2 1.1 1.2 3.1 1.1 3.7 1.8 2.1 3.7 3.5 1.3 2.8 0.8 1.3 3 0.8 2.1 1 1.8 3.5 3.2 3.1 3 1.2 1.5 1.4 2.4 3 3.4
bool 35 0 1 1 0 1 1 1 0 0 1 1 0 1 0 0 1 1 1 1 1 1 0 0 1 1 0 0 0 1 0 0 1 1 0 1
bool 36 1 1 1 0 0 1 1 0 1 1 0 1 1 1 1 1 1 0 0 0 0 1 0 1 0 1 1 1 1 1 0 0 1 0 0 1
bool 37 0 0 0 1 1 0 1 0 0 1 1 1 0 0 1 1 0 0 1 0 1 1 0 0 1 0 1 1 0 0 1 1 0 1 1 1 0
double 39 1.2 2.1 2.8 3.2 0.8 0.9 2.8 2.9 2.1 3 1.9 2.6 0.8 1.3 1.2 3 1.9 3.6 1.8 2.7 2.3 2.8 3.3 2.9 3.1 2.3 2.9 1.2 3.5 2.5 2.5 1.9 2 2.4 2.6 2.7 3.3 3.1 2.5
char 39 l l t i g n h o l m s f f f r c n o i s p a p e a c j c n e q m n o r n t s k
double 40 5.5 4.9 4.6 4.4 5.4 4.4 5.9 5.4 6.1 4 3.8 5.1 4.6 5.4 4.6 3.6 4.5 4.1 5.1 4.7 3.3 3.6 4.9 3.4 5.6 3.3 4.8 5.9 4.6 4.5 3.8 5.2 5.7 4.2 3.5 4.2 5.6 3.6 4.3 6
int 41 38 45 47 35 57 43 58 35 39 37 60 50 39 32 36 49 51 46 54 59 48 37 33 46 46 33 48 32 41 56 37 58 32 40 47 59 49 39 34 54 50
char 44 g s m e m n g q p h d q h a o s d a h q o a l f i m k p b a s p g s p d k l t l n p q t
double 45 5.8 5.8 4.9 7 5.9 4.5 4.9 5.3 4.7 4.2 6 6.3 4.2 6.6 6.8 5.8 4.9 6.2 5.3 6.7 6.4 7.1 7.1 4.2 6.7 7.1 6.4 5.2 6.4 5.4 6 5.6 6.6 5 4.8 6.4 6.3 4.5 6.6 6.3 5.1 4.6 6 6.2 5.2
bool 45 0 1 1 0 1 0 0 1 1 0 0 1 0 1 1 1 0 1 0 0 1 0 0 1 0 1 0 0 1 0 0 1 0 0 0 1 0 1 1 0 1 1 1 0 1
double 47 3.1 1.2 3.7 2 2.9 2.7 1.7 3.9 2.1 3.6 2.7 3.8 2.6 1.3 3 2.5 2.8 2.3 3.8 2 3.4 3.9 1.5 3.7 1.7 3.7 2.3 2.2 3.9 1.9 3.6 2.6 1.8 3.8 2.4 3.1 2.9 1.1 3 1.1 1.2 2.8 3.2 2.2 3 2.2 2.1
char 47 k o i i t c h s h t h l c r a n r f g r i k h t g p s r f l m t e c a o p f o l n n c i h i p
char 47 h c m i c n b c j n h o m l o q g o t t n a c q q n b o d d s q b k q s q r d p q q f k i e r
double 49 1.9 2.3 0.4 1.7 0.5 0.6 1.8 2.2 0.3 1.4 2.9 1.3 2.7 2.9 2.7 2.1 2.9 1.7 0.4 0.7 1.3 2.3 3.1 0.5 1.2 2.6 1.4 1.4 0.4 1 2.5 1 0.7 2.7 2.2 1.8 3 3 3 2.2 2.7 0.4 2.9 1.5 1.8 0.5 1.8 0.7 1.9
bool 49 1 1 0 1 1 1 0 1 0 0 0 1 1 1 0 0 1 1 1 1 1 0 0 1 1 1 1 0 0 1 0 1 0 1 0 1 1 0 0 0 0 1 1 0 0 1 1 1 0
double 50 2.6 3.1 2.6 3.6 3.7 2.6 2.3 4.3 1.9 2.4 4.4 3.9 4.4 2.3 2 2.2 4.2 4 2.5 2.2 3.4 1.9 3.7 3.7 2.2 4.5 3.1 4 3.6 2.9 2.4 4.3 4.5 3.9 1.8 2.9 2.7 3.1 3.6 4.2 3.1 2.1 3.9 3 3.6 1.7 3.9 4.4 4.1 3.8
double 50 3 3.6 1.2 3.6 2.4 3.4 2.7 3.4 2.8 1.4 1.3 2.2 2.3 2.2 3.1 1.9 2 2.4 2.1 1.2 2.6 3.6 1.3 3 1 1.6 1.3 1 3.3 1.2 2.6 1.2 2.2 2.3 3.6 3.5 3.7 1 3.3 3.4 3.1 2.7 2.9 1.2 2.9 2.6 2.2 1.7 2 1.2
int 51 59 52 46 60 70 51 66 55 53 47 64 73 62 65 65 62 58 73 59 47 45 46 70 52 66 71 51 65 70 50 52 54 69 60 68 70 64 54 61 68 51 63 46 67 54 73 62 61 71 70 74
int 52 6 13 26 32 7 18 17 34 7 23 18 15 22 35 23 19 32 11 9 32 11 25 13 11 30 21 6 14 8 22 30 15 7 12 34 25 14 34 33 28 18 11 30 28 34 14 26 8 28 19 24 11
char 53 t h d g l p d m a a l b e g h e s f i e e c s c h t i a r c j b e r e c m i f o d m n p m h t f i n o k s
int 55 43 35 18 14 28 14 23 20 18 28 22 31 32 33 20 38 35 20 33 25 27 38 34 38 40 16 21 23 24 40 32 32 19 16 38 26 26 34 38 29 25 15 32 36 33 17 26 25 16 37 20 22 20 35 32
char 57 j c a f o k e h g a i g f d l j n t p q p i j s o d o b f j s n o c a s b k q i r t l i l b r k c i p o i e s o t
double 60 4.6 5.3 5.6 4.6 5 4.2 4.7 6 5.8 4.1 5.5 6.8 5.7 5.6 6.6 5 6.4 4.2 6.7 5.6 6.7 4.3 5.9 4.4 5.2 4.4 5.7 5.1 6.6 5.5 3.9 4.1 5.2 4.8 5.6 5 6.3 3.9 4.4 6.7 4.6 4 6.6 6.8 4.8 4 5.8 6.4 6.3 6 4.9 5.5 6 5.3 6 5.7 4.3 5.3 5.2 4.8
int 60 22 16 30 6 26 25 23 8 9 22 10 8 18 18 31 23 17 11 21 32 31 7 18 28 31 11 22 28 13 10 7 24 16 11 16 31 19 4 3 11 9 30 11 14 14 27 30 23 30 26 27 30 30 8 14 18 24 27 23 9
double 61 5 4.1 3.4 4.6 4.1 5 4.2 5.5 3.4 4.6 4.9 4.3 5.6 3.8 4.7 4.9 4.3 4.3 4.7 2.9 3 5.1 4.6 4.6 4.6 5.8 4.1 5.3 5.3 5 3.9 5.4 2.9 4 5.8 3.8 5.3 3.7 3.6 4.1 5.6 3.3 3.3 5.6 5.7 3.2 3.7 5.2 3.6 3.4 5.4 2.9 5.4 3.6 3.8 3.6 3.8 5.7 3.9 3.1 2.9
bool 62 0 1 0 1 0 0 1 0 0 1 1 1 0 0 0 0 1 1 0 1 0 1 1 0 1 1 0 1 0 0 1 0 0 0 0 0 1 1 1 0 1 0 0 0 1 1 0 1 1 0 1 0 0 1 1 1 0 0 0 1 0 0
char 62 b l n k m o n g h r a q q c n t c f r q p h d k t i n l h c r f l c j d a o d c c l r l c e p s t g t f d q d n l j b s k r
char 64 t c t n q p h o p n b j h m o e m a d q s c m r d d k n f h f s g d e d t b m j i c h c l c k l f k t k k c t f g l d d b i m o
char 65 n g k f h a b p e q a f q c i h k r j h b d e s g i p s q o p a h q p k k f p b o g f l f t j o t n i q n t m p q q q h b d c r g
int 68 40 22 19 28 45 35 31 17 41 26 20 45 24 27 25 42 43 45 38 46 20 35 23 44 24 37 46 20 40 29 42 41 28 37 27 35 45 24 20 39 37 18 45 38 25 32 44 22 36 39 23 23 35 30 45 45 32 36 17 25 18 35 20 40 33 40 39 40
double 68 3.1 4.1 5.5 4.7 2.8 2.8 4.5 5.5 4.5 3.7 4.6 4.4 4 5.4 3.1 3 3.7 5 4.5 4.4 4.2 4.2 5 3.2 4.3 3.3 5.2 5.5 4.5 4 4.4 4 3.6 3.6 3.6 3.5 5.4 5.3 4.8 4.5 5.4 3.5 3.9 3.8 4.8 3.2 5 4.7 5.3 3.7 3.2 5.5 3.5 4.1 5.6 3.3 4.9 5.4 3.6 4.2 3.3 3.2 3.8 3.3 3 5.5 3.4 4.9
int 69 50 52 56 67 48 69 69 61 52 50 73 63 54 48 70 71 56 73 74 66 48 58 63 50 73 48 51 63 57 73 62 50 50 72 70 74 50 63 55 51 71 59 47 56 51 57 64 56 69 55 52 64 52 57 59 75 70 49 67 75 63 48 51 46 48 75 71 64 56
bool 71 1 1 1 0 0 0 0 0 1 0 1 0 0 1 0 0 0 1 0 1 1 1 1 0 1 1 0 1 1 0 0 0 0 0 0 1 1 0 0 1 1 0 1 0 0 1 1 1 1 0 0 1 1 1 1 0 1 0 1 0 0 0 0 0 0 1 1 0 1 0 1
double 71 3.9 4 4.9 5.3 5.6 3.7 5.3 4.4 3.6 5 4.9 3.1 4 3.3 3.7 5.5 5.2 5.1 5.5 3.7 3.4 3.2 4.6 4.7 5 4.8 4.5 2.9 5.6 4.8 5.7 4.6 4.3 3.2 3.3 3 3.5 3.3 4 3.9 4.9 3.2 4.9 5.3 2.9 5.5 5.6 3.4 4.1 3.2 4.4 5.3 4.6 5.7 3.9 4.3 2.8 3.3 4.5 3.7 4.2 5.5 5.3 3.2 4.5 4 3.2 3.6 5.2 2.8 2.9
double 74 2.7 3.2 1.5 3.9 2.7 3.3 3.2 1.4 3.4 1.9 2.9 4.1 1.5 3 2.6 1.6 3.9 3.1 2.7 3.3 2.6 3.5 2.6 3.8 3 3.1 2.3 1.5 3.6 2.5 1.9 2.7 1.9 2.9 2.3 1.8 3.3 1.8 3.3 1.8 3.2 2.9 3.1 2.2 1.5 2.8 1.6 1.5 3 1.7 2.6 2.5 1.8 3.4 3.5 3.8 3.7 2.3 3.4 2.3 3.9 3 3.3 2.8 4 1.3 3.5 2.1 2 1.6 3.4 2.5 2.5 2.6
int 74 31 48 38 31 38 38 29 29 36 56 31 54 39 28 39 48 54 39 28 29 45 39 32 34 49 42 56 29 48 38 48 33 57 51 31 33 42 44 47 43 28 56 54 47 50 32 35 52 56 41 29 45 45 50 36 46 57 48 42 52 43 56 42 28 31 56 32 42 36 29 48 46 28 40
bool 75 1 0 1 0 0 1 1 0 1 0 1 0 1 1 0 0 1 1 1 0 0 0 0 0 0 0 1 0 1 0 0 0 0 1 1 0 1 1 1 1 1 1 0 1 0 0 1 0 1 1 0 0 0 0 1 0 1 1 0 0 1 1 1 1 1 1 1 1 0 0 0 1 0 0 1
double 78 6.6 7.2 6.2 4.3 7.1 5.5 5.7 5.2 4.4 4.6 6.6 6.9 6.7 4.9 4.9 4.4 6.7 6.7 6.8 5.4 5.2 5.4 4.5 5.6 6 5.3 6.2 6.2 6.1 5.7 6.1 7 5.5 4.7 4.8 6.9 5.3 4.7 5.4 6.1 6.1 6.6 5.7 4.3 5.9 6.7 6 4.8 6 6.4 7 5.2 6.6 6.1 6.4 5.1 4.4 6.4 6 4.4 6.4 6.6 4.6 4.5 4.7 5.2 6.4 5.6 5.8 4.6 6.2 5.9 4.8 4.6 4.6 6.7 7 7
bool 79 0 1 0 1 0 0 0 0 1 1 1 0 1 0 1 0 0 0 0 0 1 1 0 1 0 1 0 0 1 1 1 0 1 1 0 0 1 1 1 0 1 1 1 0 1 0 1 1 1 0 0 1 1 1 0 1 0 0 1 0 1 1 1 0 1 1 0 1 1 0 0 0 0 1 0 1 0 1 0
bool 80 1 1 1 0 1 1 0 0 1 1 0 1 1 0 1 1 1 0 0 1 0 0 0 0 0 1 0 0 1 0 0 0 0 1 1 0 1 1 0 0 1 1 0 0 1 1 1 0 0 1 0 1 0 1 1 0 0 0 1 0 0 1 0 1 1 1 1 0 0 1 0 0 0 0 1 1 1 0 0 0
bool 80 0 1 1 0 1 1 0 1 1 1 1 1 1 0 1 0 1 0 1 1 0 1 0 0 1 0 1 1 1 0 1 1 0 0 1 1 1 0 0 1 1 0 0 1 0 1 1 0 0 0 1 0 0 0 1 1 0 1 1 0 1 1 1 0 0 0 0 1 0 0 1 1 0 1 0 1 0 1 0 0
int 81 31 13 18 30 22 21 23 33 28 33 30 38 34 29 27 25 22 34 32 20 34 27 27 28 33 20 12 30 14 22 11 32 36 33 18 11 21 38 34 23 35 20 23 28 12 9 27 9 13 21 20 11 20 25 13 15 36 23 23 29 32 15 37 13 10 17 9 35 35 12 11 20 33 26 21 32 24 34 20 24 37
double 83 0.5 1.8 1 0.9 0.4 2.7 2.3 0 0 0.2 2.6 1.4 2.2 0.7 0.9 0.5 0.6 1.3 1.6 1 1.7 2.1 2 1.1 0.7 0.3 0.1 1.7 2.3 0.7 0.9 1.7 1.8 1.9 1.5 0.6 1 2.2 1.5 0.4 1.5 1.9 2.6 2.5 0.1 2.2 2.5 0.5 2.1 1.2 1.5 1.8 0.8 2.9 1.2 2.1 1.8 2.6 2.7 2.8 1.8 2.7 0.8 1 2.4 0.4 0.9 1.2 0.6 0.2 1.2 2.9 2.4 0.7 2 0.2 2.4 1.1 2 2 0.7 2.1 0
bool 83 1 1 1 1 1 1 1 1 0 0 0 1 1 0 0 1 0 1 1 1 1 0 1 0 0 1 0 1 0 0 0 0 1 0 1 0 1 0 0 1 1 0 0 1 0 0 1 1 0 1 0 1 0 1 1 1 0 0 1 1 1 1 0 0 0 0 0 1 0 1 0 1 0 1 0 1 1 1 0 1 0 1 0
double 83 6.5 6.2 5.4 4.5 7 5.2 6.6 6.4 6.5 6.5 5.2 6.9 5.5 7.1 6.5 7 4.4 5.1 4.8 5.8 5.3 4.2 5 5 4.9 5.6 6.7 7 5.3 5.6 6.3 6 4.6 5.9 6.3 6.6 6.8 4.8 4.7 6.6 6.2 4.7 6.9 4.8 5.6 5.1 4.6 4.6 7 5.7 5.4 4.2 5.3 6.5 6.2 5.1 5.6 4.8 4.4 5.9 5.9 4.5 6.1 4.8 6.3 4.9 6.2 5.9 4.5 5.4 6.3 5.2 5.6 5.8 5 6.1 6 5.2 5.5 5.9 5.2 7.1 6.7
char 83 t m m a c a l r k m p d c d f i b g g m p c s g h d b h c r p p l c g r e j l r j h s o j l j n k l d b p s m s m b i q s f n e f q b s h r r h s d i l g j h p i p l
char 84 e k t s o k l d g m f t h p t c l q c r e d i d q c b f f g p o t q j n q o d c r g n b a e s t p q f f p q j h t n r f b k s b j r j g t t p b h k f e c n k g j q f e
double 85 1.2 3.9 1.6 3.3 3.8 2.4 2.3 2.5 3.6 2.2 3.1 1.9 2 2.3 3.5 3.3 1.5 3.9 2.3 3.3 3 2.7 2.3 3.5 2.8 3.2 2.3 3.7 1.6 3.6 2.8 3.8 2.4 3.6 2.4 1.5 3.4 2 1.3 3.2 1.4 2.9 1.3 3.8 3.8 3.4 3.4 1.6 2.2 3.5 3.6 1.3 1.2 1.2 1.6 1.6 2.9 3.4 1.1 2.1 3.8 2.3 1.5 4 2.1 2.1 3 3 2.2 2.8 3.7 2.9 2.3 1.7 1.5 2.7 2.5 3 4 2.3 2.8 1.7 3 1.1 3.4
double 88 4.2 6.6 5.6 4.9 6.1 6.6 4.5 5.4 4.5 4.6 4.4 6.1 6.9 6.8 6.1 4.5 6.8 4.5 5.7 6.6 4.3 5.1 7 4.5 4.3 4.6 4.7 4.6 6.7 7.1 4.4 4.3 4.7 7 5.2 6.7 6.1 5.2 6.7 6.2 6 4.4 6.2 4.6 5.9 5.6 6.9 4.3 5.1 7 6.2 6.1 4.7 4.8 5.7 6.9 5.1 4.9 5.4 6.1 6.3 4.9 6.6 4.5 4.9 5.2 4.2 5.7 6 6.6 6.5 6.4 4.9 5.8 6.7 5.9 6.1 6.1 5.4 6.6 5.6 6.3 6.3 4.2 4.6 5.7 6 5.3
char 89 i g f t t e t s a d d q i n s j m h r k j k t t m a p l q h h b e r q g b r d e o d f f p o i h m e n t e b i l q j m d l m k e o f i r b m q c m o b r c e s c h q o b m f o a o
double 93 1.7 4.2 2.8 3.6 3.4 2.2 2.8 4.5 4.2 1.7 3.1 4.1 4.1 2 4.2 2.3 2.5 4.4 3.7 4.1 2.2 3.3 2 3.7 4.1 4.2 3.2 3.3 3.4 1.7 3.1 2 2.7 2.9 2.5 3.4 1.8 2.4 3.4 4.1 2 3.3 3.7 4.3 2.8 2.7 4.1 3.2 4.3 2.9 4.1 3.2 3.7 2.1 3.6 2.6 3.3 3.8 4.1 3.7 4.1 2.7 3.9 4.2 2.1 3.7 1.8 3.5 3.1 1.7 3.7 1.9 2.3 2.2 1.7 3 1.6 3.2 1.6 3.9 4.5 2.7 3.9 2.1 2.1 2.9 4 2.9 1.7 1.9 2.7 4.5 3.8
char 93 q m f s p k r h c f m c s f t o h h t k a d o t t f n s g a b e o f j g j t o q p f e h r r m g d t s t c o o q t q q e h s d g h s a a a k c m j f r j t b m r q c b m n l i i p k f l s
double 93 4.2 3.4 2.9 3.2 4.7 5.1 4.6 3.1 2.5 3.5 2.6 3.8 3.7 5.3 2.7 2.4 3.2 5.2 2.5 5.3 3.5 2.9 4.4 4.8 4.9 4.6 2.7 5.2 3 4.3 5.3 5.1 5.2 3.7 3.6 4.8 2.9 2.5 3.5 2.4 5.1 2.8 2.6 3.1 4.9 3.1 3.1 3.6 3.5 3.2 4.4 2.9 5.1 4.6 5.2 2.7 4.7 2.4 5 4.4 5.3 2.7 3.6 2.5 4.6 3.8 3.8 2.8 4.4 4.1 2.8 5 3.4 2.8 3.4 5.3 4 4.5 3.7 2.7 4.4 2.9 5.1 2.8 3.9 2.4 2.4 4.6 4.6 4.7 3.4 3.7 5.3
char 94 n h j m p a t m g d g q s c j e p p o c i b n a g d g a n p k b n h f h p l o i k s e m t o o o n h s k n g q f a k q e f k g l b n k g q f b o d a r i a p h o s l o r d a a f g d q o k k
char 94 a q b l g p j b r r p r m l s t e o h r k k k m f f p l b t n n i o d m f n e k f b q o r g g n c r t c k o p i i s g e i a r s l n f n g p b k m p p n m d m b l r e o r d e r j e m d l j
char 97 q i q h q f o d b f f e g a q n a p a c k g s d e s i t s d m s k b k p i g g s n g e r n s d r c p m r r n o a l p i q j d l g b t f r f r s e h i s i m q g n b b m p s t t p k r n h c c q b d
int 100 39 49 45 51 38 33 57 39 53 42 58 53 43 49 45 36 43 60 57 51 37 45 56 35 45 44 37 49 58 49 42 38 47 38 57 60 58 37 40 37 47 61 52 46 58 42 54 60 60 60 44 32 43 36 56 57 41 52 60 59 55 38 55 57 52 33 45 54 33 34 38 42 37 46 38 61 59 47 56 53 36 33 44 42 46 32 55 38 54 53 56 35 51 40 56 46 58 44 41 38
int 100 10 23 29 28 22 10 22 14 33 6 10 9 5 20 6 7 14 16 30 17 6 22 14 7 34 10 7 33 14 9 6 5 23 32 27 22 13 8 27 29 29 10 32 18 31 33 9 28 9 21 19 20 28 23 11 14 12 19 9 8 23 7 19 28 19 18 33 26 9 8 7 30 28 23 14 27 14 30 19 30 19 30 16 15 5 34 29 22 34 34 34 30 7 23 13 32 13 18 19 6
int 101 45 46 29 33 32 49 37 51 55 45 43 51 31 43 33 47 43 54 43 40 30 56 51 30 48 35 42 47 40 48 44 51 42 28 57 55 41 39 42 51 53 48 40 40 45 48 46 52 56 47 54 30 45 57 29 57 46 47 31 44 54 28 42 56 38 32 31 45 47 57 35 52 50 43 52 34 28 33 53 47 35 38 29 33 50 49 48 39 32 51 49 37 30 28 38 28 32 51 43 42 36
bool 101 0 0 0 0 0 0 1 1 0 1 0 1 1 1 1 0 1 1 0 1 0 0 0 0 1 0 1 1 1 0 0 0 0 0 0 1 0 0 1 0 1 0 0 1 1 1 1 1 0 0 1 1 0 1 0 1 0 0 0 0 0 1 1 0 1 1 1 0 1 0 1 0 0 0 0 1 1 1 1 0 1 0 1 0 0 0 1 0 1 0 1 1 0 1 1 0 1 1 1 0 0
char 102 m l n l o b m q l j q g h l t f d c d d j h m e r b r c n q q k i s s r p q l s c k e m e o f e k q r m i s t j a c i e j s l o b i a h a l j c i m g i d j l t a e q h m d c o h l f j c c c a t g f j r a
int 103 63 58 78 49 64 61 74 51 50 52 76 70 60 70 74 49 73 50 61 76 69 62 55 67 65 63 49 71 54 67 62 64 54 51 58 57 55 74 78 49 53 57 63 64 63 58 66 75 59 53 63 66 49 68 75 68 64 72 58 78 56 77 51 52 73 53 61 70 69 55 62 52 59 77 54 68 66 71 57 59 63 55 72 49 67 53 77 60 76 49 77 71 78 49 72 54 74 50 60 62 67 69 70
bool 103 0 0 1 0 1 0 1 0 0 0 1 0 0 1 0 0 0 0 1 0 0 0 0 1 0 1 1 0 0 1 1 0 1 0 1 0 1 0 0 0 0 1 1 0 1 1 1 1 1 1 1 0 0 0 0 1 0 0 1 0 1 1 1 0 0 1 0 1 0 1 0 0 0 0 1 0 0 1 0 1 1 1 0 0 0 1 0 0 1 1 0 1 0 1 0 1 1 0 0 0 1 1 1
char 106 a q c q k r o q t f h j r q n d q j j h j p o d q m e c d s c e g h s o n k t i t m n e f d h q a d p c l b j b a k o r h i g c d d l f b e i r s n m h f k o e j i l i q l i d n j s b i q q h l n r b e s s c q d
bool 106 1 0 0 0 1 0 1 1 1 0 0 0 0 1 0 0 1 1 0 0 1 1 1 1 1 0 0 0 1 0 0 1 1 1 1 1 1 0 1 1 1 0 0 0 0 1 0 1 1 0 1 0 1 0 0 1 1 0 0 1 1 1 1 1 0 0 0 1 1 1 0 0 1 1 0 0 1 1 0 1 0 0 0 0 0 1 1 0 0 0 1 0 0 1 1 0 1 1 0 1 1 0 0 0 0 0
int 106 32 19 22 33 30 18 26 46 19 29 23 17 31 22 40 27 21 23 33 32 28 27 45 42 40 27 43 34 42 43 23 46 27 44 22 21 20 26 40 32 28 30 46 24 45 40 34 30 21 29 23 30 17 38 46 19 36 39 27 40 27 22 20 34 30 37 20 43 42 41 27 45 33 35 29 40 28 27 45 29 17 25 36 37 37 17 24 22 29 22 23 30 35 35 31 45 28 41 45 42 37 44 21 28 17 21
bool 106 1 1 0 0 1 1 1 0 1 1 1 1 1 0 0 1 1 1 1 0 1 0 0 1 0 0 0 0 1 1 0 1 0 1 0 1 0 0 1 0 1 0 1 1 0 1 0 1 0 0 0 0 0 0 1 0 0 1 0 0 1 1 0 1 1 1 1 1 1 1 0 1 1 1 0 0 0 1 1 0 1 1 0 0 0 1 1 0 1 0 1 1 1 0 0 1 1 0 0 1 0 1 1 0 1 1
bool 107 1 1 0 0 1 1 1 0 1 1 1 1 1 1 0 0 1 0 1 1 0 1 1 1 1 0 1 0 1 1 1 1 1 1 0 0 0 1 0 0 1 1 1 1 0 1 0 1 0 1 1 1 1 0 0 0 0 1 0 0 1 0 0 1 1 0 0 1 0 0 1 0 0 0 1 1 1 1 0 1 0 0 0 1 0 1 0 1 1 0 0 1 0 0 1 0 1 1 0 0 1 1 0 0 0 1 0
int 108 52 53 75 52 75 62 68 53 77 63 51 73 53 65 57 67 56 49 54 52 58 77 53 69 67 54 66 50 54 69 66 59 73 74 68 55 70 65 59 51 69 53 55 64 49 56 73 58 65 64 53 51 59 78 67 74 54 49 74 72 68 65 71 61 69 77 78 50 62 54 73 57 77 74 49 69 77 53 59 54 68 49 78 50 74 70 55 71 75 60 54 70 49 50 60 55 76 69 74 50 76 51 72 56 71 59 50 55
int 108 27 39 47 32 31 44 45 42 35 39 41 46 37 30 41 45 40 46 36 34 40 48 41 33 43 25 46 39 32 26 34 24 27 30 48 31 24 40 51 45 48 37 27 41 40 43 50 43 52 32 34 25 51 29 52 34 28 47 29 53 36 32 41 46 35 42 37 34 43 37 30 25 51 33 39 34 32 41 46 39 34 26 44 34 32 27 51 29 28 34 36 44 29 31 27 31 28 27 38 34 38 32 51 38 45 31 33 40
int 109 61 48 65 50 51 64 55 57 64 64 47 48 47 66 50 70 65 68 51 69 64 71 49 58 45 55 70 61 57 58 55 59 42 49 48 55 61 48 67 52 70 52 69 48 45 67 70 44 59 52 52 67 60 52 61 62 58 66 45 67 50 52 42 61 46 51 71 47 63 56 50 67 66 66 56 65 48 64 60 70 48 66 66 45 60 66 47 45 42 46 63 43 61 48 70 55 48 44 65 50 67 66 47 57 42 45 60 54 54
double 109 6.1 4.9 5.5 4.5 4.4 5.3 5 6.1 5.1 4.8 5.8 4.9 5.5 4.2 5.6 6.4 4.9 4.9 5.6 5.8 6.2 5.1 3.7 5.3 5.1 5.1 5 4.8 4 4.9 4.5 4.7 5 4.9 4.2 5.8 5.1 5.4 4.8 6.5 6.4 4.2 6.1 6 4.5 5.2 6.1 6.2 3.7 5.8 5.9 6.3 6 6.2 3.9 6.3 4.5 5.2 5.5 4.6 5.4 4.6 3.9 3.7 5.2 4.4 4.5 4.8 4.8 6.6 4.2 4.9 6 5.2 4.2 3.9 5.1 4.9 6.6 6.6 5.1 6.4 4.8 5.1 6 5.7 4 6.1 4.2 4.5 4.4 6.2 5.6 6.2 4.5 5.9 4.4 6.5 5.9 4.8 6.3 5.4 5.6 4.1 6.5 6.5 4.5 4.7 6.4
char 109 o f a a d l a b m r o g e t b p j k h e o m n f j p q r m t g n q s c l s s j d g s j p g r t c d g p r h p c c k a b q e l b k s f t p t c d l b p l h q l j p o s l a d f r k m a j t k f m a j p k s f d b a o m r m o
int 109 34 39 61 38 59 36 63 35 39 53 62 41 61 49 36 59 55 62 34 42 52 49 46 37 46 43 57 41 50 55 49 38 55 43 46 54 48 60 35 60 54 40 63 41 58 44 63 52 37 42 58 56 60 38 43 48 38 58 55 61 51 46 47 63 59 59 34 57 45 42 37 49 48 36 62 62 55 45 59 53 38 37 60 35 57 41 35 41 36 56 37 50 42 49 38 58 63 40 35 48 57 37 56 63 62 44 58 39 44
