bool 10 1 1 0 0 0 0 0 1 1 0
bool 10 0 1 1 1 1 1 1 0 1 0
int 10 64 97 80 14 98 26 17 16 59 69
char 10 b r l i r s r r o e
int 11 88 46 48 21 27 46 74 97 30 17 44
double 12 8.95 6.32 1.98 7.25 7.87 5.7 3.92 7.3 7.87 4.94 1.11 3.31
bool 14 0 1 1 1 1 1 0 0 0 1 0 1 1 1
bool 14 0 0 0 1 1 0 0 1 1 1 0 1 1 1
double 15 4.19 7.27 0.53 1.28 7.54 3.97 2.7 9.36 5.53 9.13 5.46 0.37 2.46 7.54 1.44
int 18 57 74 22 14 62 36 26 89 96 24 61 41 86 89 29 88 83 51
char 18 i t t d r m n s n p l p e c m t l p
char 21 k p j o d o o o o d p r r h c o m t t d r
bool 21 0 1 0 0 0 1 0 0 0 1 1 0 0 1 1 1 0 0 0 0 1
char 22 q n n p k c g g i h n r q p e g i n b r l q
double 23 8.06 3.49 4.16 7.86 3.19 3.68 1.35 2.18 9.31 4.45 0.29 3.85 8.27 9.44 4.94 4.23 9.08 9.19 0.7 2.48 9.29 4.75 1.68
char 23 k k n n i i n c l a f p b e o h i i f i s o d
char 24 j e s i g g c o s b h p h b j s p f b b m m t o
bool 24 1 1 0 1 1 0 0 1 1 1 0 1 0 1 0 0 1 1 1 1 0 1 1 1
bool 24 0 0 0 0 0 0 1 0 1 0 0 0 1 0 1 0 1 1 0 0 0 1 1 1
double 25 5.03 0.91 1.49 7.69 2.28 6.23 0.31 1.54 0.85 7.64 6.96 8.81 5.86 9.35 3.02 0.54 0.29 7.01 9.6 7.18 7.66 8.75 0.5 6.93 0.1
char 25 e n e h p t n g f l s j k j h m o e k n l i e s i
char 26 n r a t n j d s g p p b q k p i i r c b h r o p k h
bool 27 0 0 1 0 0 1 0 0 0 1 1 0 1 1 0 0 0 0 0 0 1 0 0 0 0 1 1
int 28 67 50 66 61 29 89 17 76 89 67 14 27 71 12 95 96 60 87 66 10 69 48 5 44 53 8 13 46
char 29 o j a b a p c t f p p k i j f r g c f o n c b m q g g k b
double 29 0.51 6.78 0.78 7.2 2.86 6.66 3.86 2.8 2.96 8.91 1.1 0.67 3.86 3.14 2.98 9.12 8.39 4.61 7.02 6.24 3.74 6.36 1.65 3.09 7.71 7.66 3.26 3.1 5.82
int 31 88 46 71 95 71 81 28 90 66 18 83 2 62 97 96 17 35 61 39 9 27 79 66 55 48 44 86 35 39 12 54
bool 33 0 0 1 0 0 1 0 0 0 1 1 0 1 0 0 1 1 1 0 0 0 1 0 0 0 1 1 1 1 1 0 0 0
bool 36 1 1 1 0 1 0 1 0 1 1 1 0 1 0 0 1 0 1 0 0 0 1 0 0 1 0 1 0 0 1 1 0 1 0 1 1
double 37 2.9 6.71 3.25 6.64 3.16 1.39 1.63 8.86 3.25 7.83 7.22 0.67 0.17 4.32 9.42 0.83 8.82 5.02 2.05 6.49 3.97 9.55 3.41 5.21 4.5 2.81 8.1 2.94 4.31 0.62 5.98 6.13 5.93 3.99 8.27 9.42 7.59
char 38 k m n m l c n k r f a g d e c h r f h p i t t r c h l l j j t b i f r f n c
int 41 61 2 97 10 6 43 28 68 95 49 92 62 97 77 74 18 23 65 52 85 28 41 34 30 59 78 32 62 96 83 33 87 97 8 13 93 54 20 85 72 66
int 41 66 81 65 89 22 76 73 57 30 88 66 34 79 9 71 27 56 76 31 61 57 40 14 7 23 45 58 92 97 85 34 67 1 3 82 61 72 25 4 38 61
char 45 m j n m e g p c h n k c n h l m r i l a j m l n j n h f b a g g j s e f k d h n b m a r f
int 45 38 57 90 4 62 45 64 25 4 12 70 93 97 57 62 34 66 94 47 8 88 43 12 97 34 17 61 14 51 83 12 88 69 65 90 97 9 55 31 45 27 29 72 35 83
char 48 h c o r f d d p i s r o r p e f h h d i g l r l l d n a b h e i j m j g h m j c o b j r j j m q
int 48 20 53 78 75 87 19 37 36 1 26 63 30 41 81 48 55 89 50 5 23 51 12 28 91 94 84 32 15 3 83 86 95 51 91 27 21 67 65 78 30 29 16 1 99 3 60 40 16
bool 50 1 0 0 1 0 1 1 1 0 0 0 0 0 1 0 0 1 1 0 1 0 0 0 1 0 1 1 0 1 1 0 1 0 0 0 1 1 0 1 0 1 1 1 1 0 1 1 0 0 0
bool 50 0 0 1 1 0 1 0 0 0 1 0 0 0 1 1 0 0 0 1 1 0 0 1 0 1 0 0 0 0 0 0 0 0 1 0 0 0 1 0 1 0 1 1 0 0 1 0 0 0 1
char 50 c i f c p o i e e p i h t m f g d j l e l s e t m e k t t e s r o j k r q j n c d q c a n m m q q f
char 50 p t d q m j d b j c b t h c p s t b b t t d p s a h b n f i i i q r k q g p o p q f n m o h c l r o
bool 51 0 0 0 1 1 0 0 0 0 1 1 0 1 0 0 0 0 0 1 1 1 0 1 0 0 1 1 1 0 0 0 1 1 1 1 1 1 1 1 1 0 1 1 1 0 0 0 0 1 0 1
char 51 n c t e n p j f m o e t q l e t g m l f t b d j p h n j r n n o j l i j n j m k m l c c t i j b q h l
double 51 7.67 0.59 3.02 4.27 8.43 6.85 7.77 6.5 3.75 0.26 0.88 9.76 5.41 0.45 5.42 7.43 8.77 0.71 7.02 5.71 5.11 4.28 3.47 1.15 4.31 5.85 8.03 0.93 0.5 5.91 3.64 6.36 9.15 7.26 5.6 2.61 8.37 8.43 4.14 5.38 7.85 4.49 8.05 6.85 6.01 4.74 6.74 2.66 8.19 2.59 9.78
char 52 h l s c s n s t i n r i f m l k a l n p o p o e s i a g i r p g g f a r d s r f o d f k b j o c g h a g
double 53 0.95 3.28 5.11 5.79 2.34 5.37 1.03 8.01 4.31 5.8 2.78 5.8 9.71 1.26 6.09 1.1 7.72 0.05 9.94 7.95 3.39 7.77 8.18 6.47 5.51 3 1.4 1.21 2.29 2.51 1.32 2.43 4.73 4.36 0.88 2.52 8.64 4.55 5.4 8.93 4.61 7.26 8.67 9.65 8.24 3.88 1.19 5.47 9.68 4.58 8.18 9.03 2.9
int 56 63 86 71 17 38 94 5 95 87 66 43 49 10 53 2 70 56 20 43 32 89 30 7 21 11 32 34 70 20 90 41 46 99 31 10 56 41 53 31 88 33 31 74 2 27 7 68 62 20 65 93 47 33 56 56 56
double 60 8.91 9.99 5.97 1.43 2.86 1.13 4.08 6.27 4.31 5.39 4.02 9.85 4.83 8.39 1.5 8.43 0.09 0.8 2.05 8.21 9.57 7.55 8.88 8.03 2.8 3.2 3.24 1.79 9.07 0.94 4.82 4.45 1.35 8.86 8.97 5.54 9.96 4.88 8.59 5.83 0.69 3.63 7.52 1.91 6.91 3.52 8.2 0.79 7.93 5.06 9.37 1.71 8.44 0.08 1.97 8.19 2.27 7.85 4.47 5.55
bool 60 1 1 0 1 1 0 0 1 0 1 1 1 1 1 0 1 0 0 0 1 1 1 0 0 1 0 0 0 1 1 1 1 0 0 1 0 1 1 1 1 1 1 1 1 0 1 0 0 1 0 1 0 0 0 1 1 1 1 1 1
double 62 7.19 9.57 9.72 7.65 4.68 8.79 0.05 9.25 0.83 8.07 8.85 0.33 1.93 6.49 7.09 2.87 8.17 6.76 6.06 8.04 2.59 5.91 1.43 9 7.44 4.28 7.54 6.02 9.75 1.64 6.14 6.46 1.08 5.02 5.12 4.14 6.14 3.21 0.78 2.23 6.42 9.49 6.12 4.23 0.17 2.91 8.38 5.51 7.01 4.34 4.16 9.52 8.13 7.7 7.66 1.03 1.29 0.51 4.1 1.96 6.95 2.58
bool 63 0 1 1 0 0 1 0 1 1 0 1 0 1 0 0 1 0 1 1 1 1 1 1 1 0 1 0 1 0 1 0 0 0 1 0 1 0 1 1 0 0 0 0 0 1 0 1 0 1 1 0 0 1 0 0 1 1 0 1 1 1 1 0
bool 64 0 0 0 0 0 1 0 1 1 1 1 1 1 1 0 1 1 1 0 0 1 1 0 1 0 1 1 0 1 1 1 1 1 0 0 0 0 0 1 0 1 0 1 1 1 0 0 0 1 0 0 0 0 0 1 1 0 0 0 0 0 1 0 0
int 65 39 58 96 9 32 39 35 76 45 27 65 94 78 88 78 2 29 59 98 66 7 81 77 8 87 9 60 43 18 58 42 20 58 1 16 49 80 61 93 16 48 23 67 25 51 65 35 97 5 63 68 25 70 31 8 47 66 30 71 39 34 19 10 64 28
int 66 79 80 44 58 70 39 73 82 86 23 67 88 66 22 29 58 71 97 48 9 74 58 8 82 7 11 49 54 69 63 19 48 76 15 73 30 19 62 18 59 99 18 68 24 81 58 13 34 7 57 81 21 73 91 94 64 26 25 6 43 87 11 66 21 3 91
bool 67 0 1 0 1 0 0 0 0 0 0 0 0 1 0 1 0 1 0 0 1 0 0 1 0 0 0 0 1 1 0 1 0 0 0 1 1 1 0 0 1 0 1 0 1 1 1 1 1 0 1 0 1 1 0 1 1 0 0 0 0 1 1 1 0 1 1 0
char 67 p p q e b l b g d b o h a m d r p n s p m s r e e d n k b q p p a l i j d a k l j j t c r p i t n k e f r k g d d j q f l b h n r f q
bool 68 1 1 0 0 1 0 0 0 1 1 1 0 1 1 0 0 1 0 1 0 1 0 0 0 0 0 0 1 0 0 0 0 0 1 1 0 0 0 0 0 0 0 1 0 0 1 1 0 1 0 0 1 1 0 0 0 1 1 1 0 1 0 1 1 0 0 0 0
bool 69 1 0 0 1 0 1 0 0 1 1 1 0 1 1 1 1 1 0 0 1 1 0 0 0 1 1 1 0 0 0 0 1 1 1 1 1 1 1 0 0 1 0 0 0 1 0 0 1 1 1 1 1 1 1 1 1 0 1 0 1 0 0 1 0 1 1 0 0 1
int 69 6 44 64 88 80 98 49 54 73 74 97 18 13 60 72 96 33 90 21 92 35 57 88 5 96 3 38 37 10 96 20 18 19 12 23 9 71 55 33 11 18 42 86 32 91 93 39 91 51 51 76 37 19 45 66 80 73 97 23 25 80 78 18 55 55 76 63 82 60
double 70 5.64 9.87 2.01 0.56 5.35 1.55 8.86 2.28 9.06 4.05 6.13 5.08 2.81 3.43 8.85 3.72 9.24 0.76 2.09 3.86 1.09 7.4 8.01 3.96 2.29 4.83 6.56 1.12 2.85 3.45 1.89 7.56 8.41 3.38 8.39 6.53 8.79 6.1 2.75 4.76 4.65 7.9 9.96 6.29 1.34 5.9 6.8 9.72 1.83 9.61 4.13 1.38 1.18 9.25 9.49 9.22 5.58 8.12 4.02 2.86 8.5 7 8.91 6.84 1.71 2.88 6.04 8.88 0.18 9.17
int 70 74 82 60 51 91 42 15 40 9 23 90 26 46 15 23 46 36 17 24 90 89 42 39 56 17 29 80 85 54 52 80 25 20 83 49 3 41 47 72 5 62 93 85 98 17 53 63 49 63 73 57 81 48 3 7 50 22 84 88 89 44 92 80 56 98 27 78 96 63 25
char 70 j a d k j n n c l d q p f s d i o b o o f c k t k e i l j o f j n e m r k l j c e i q g j n b b h d a j a p e r h m f l t q s j h m f a m b
char 71 k f s c r k n b c j c l g m e g t h a c l k i o o j g e a h n h t m h o r f t j l d o h n q a l e i n s b f m m d a o j n s o f t a s p b t j
double 73 3.7 9.86 0.23 9.54 6.82 3.8 9.43 4.3 8.23 8.63 0.9 9.91 8.55 8.06 2.67 5.63 0.83 2.91 5.03 6.19 5.01 6.76 1.9 4.03 9.42 2.99 0.22 6.47 0.22 8.4 5.71 3.38 0.16 9.43 4.26 0.97 8.58 6.31 8.5 9.93 2.05 9.56 1.74 2.43 7.57 7.04 7.38 6 0.27 4.05 0.15 7.69 3.9 9.82 4.1 4.13 4.11 9.21 4.72 0.13 4.44 5.88 4.65 6.35 7.1 8.41 3.42 5.61 8.58 2.77 6.74 8.67 3.43
char 75 b j a i c e d p e n e l f t l r f d r b j n h g i c h i j g b j h l d m g m p d p h e r r i e q h d a q f g j r m m s a j d i c l b r m d f a g r n e
int 76 64 38 91 73 41 29 30 11 99 26 55 10 99 43 39 58 70 9 26 7 11 57 34 66 83 24 67 74 66 85 23 10 27 36 70 45 91 22 75 42 13 96 16 42 19 56 15 86 53 38 76 7 31 22 18 16 32 57 32 22 52 88 84 83 40 58 17 90 69 52 71 82 49 31 23 30
char 79 r s g n e i e j b m h o l i q h c g m t l c k c q n e h i m k o d k g o r k s d b a j s h a k p s f q l r h s i p a t h b d l k m p l d e d k s l i p h b i s
bool 80 1 0 1 1 0 1 1 0 1 1 1 0 0 0 1 0 1 1 1 0 0 1 1 1 1 1 1 0 0 0 1 1 1 0 1 1 0 1 0 1 0 0 0 0 1 0 1 1 0 0 0 1 1 0 1 0 1 0 1 1 0 0 0 0 1 0 1 1 1 1 1 0 1 0 1 1 0 0 1 0
char 80 i k m q a a c g q h t m h m s m j s q s f n l s g g t n r e p p i c k j i k s k i m c f g n g f m q i m p d d n o t o m g f e k t m g e a i j n l h d k r j l l
int 83 90 45 14 74 93 77 76 8 64 16 56 13 7 15 67 55 42 60 48 69 82 78 37 4 25 20 12 70 17 65 77 72 96 88 91 87 70 21 3 21 8 62 13 23 32 61 84 12 86 86 3 3 3 70 16 51 97 5 56 82 78 33 64 4 39 14 29 40 96 44 21 17 60 94 72 53 13 82 25 92 94 78 65
int 84 85 41 9 62 82 62 39 59 51 59 39 50 2 53 66 69 29 44 44 93 87 22 81 90 1 22 17 98 44 8 69 10 99 26 58 70 67 53 57 23 81 8 26 37 64 80 68 57 5 92 89 35 29 74 15 32 14 94 35 25 34 20 12 71 65 23 27 3 35 54 48 55 65 18 38 67 10 93 64 77 19 96 37 70
int 85 79 58 99 30 99 2 7 77 5 21 28 6 77 43 39 37 60 4 63 3 98 61 84 34 74 23 58 7 93 61 56 64 15 37 53 75 12 18 90 60 69 34 84 91 52 37 54 89 82 83 43 88 26 33 71 31 14 78 55 22 75 15 35 81 31 63 55 43 98 22 34 86 67 7 38 37 52 76 77 10 13 76 5 3 21
int 85 83 62 73 58 59 48 62 97 85 65 44 75 9 18 24 87 35 26 5 38 35 89 42 4 2 98 21 39 32 19 82 30 39 73 34 77 75 33 8 32 11 19 60 86 58 13 36 54 31 63 6 56 17 91 57 79 94 6 23 92 21 89 76 90 71 35 96 40 24 83 76 18 92 9 48 15 7 20 65 29 65 59 37 27 34
bool 86 0 0 0 1 0 1 0 1 1 1 1 1 1 0 0 0 0 0 1 0 1 1 1 1 0 0 1 0 1 1 0 0 1 1 1 0 1 1 0 0 0 0 1 0 1 0 1 0 1 0 0 1 0 1 1 1 1 0 0 0 1 1 1 0 1 1 0 0 1 1 1 1 1 0 0 0 1 0 0 0 1 1 1 1 1 1
int 86 38 60 4 6 73 38 60 21 47 82 90 41 92 36 83 24 46 97 6 6 9 27 16 56 4 81 49 28 8 26 52 59 13 35 6 92 70 44 89 84 92 69 36 95 66 73 8 89 7 90 76 83 21 15 8 19 91 19 50 85 50 83 69 25 52 13 90 24 71 68 77 11 14 20 51 9 36 26 21 61 79 2 37 59 5 94
double 87 7.12 0.09 3.32 2.84 7.33 0.98 6.76 6.62 8.3 5.27 5.92 4.89 6.71 9.71 0.97 3.77 7.04 3.17 6.7 9.68 6.56 4 1.24 6.23 2.76 8.82 7.37 7.17 4.79 7.3 8.96 2.4 3.58 1.45 7.33 1.15 7.18 1.45 3.3 1.3 6.93 8.71 7.62 8.88 8.68 6.71 7.39 5.42 8.12 5.82 0.61 0.53 4 9.52 8.5 5.54 5.95 3.06 6.73 2.54 4.28 6.74 0.64 9.28 5.43 0.67 2.45 3.13 6.82 5.65 2.39 4.78 2.42 0.04 4.61 1.92 5.86 6.1 0.8 6.71 8.43 2.3 9.79 4.12 4.25 0.04 7.95
double 89 5.47 5.29 6.46 5.54 2.71 0.92 2.72 3.69 4.66 7.86 5.87 1.43 0.84 0.82 1.18 6.39 5.35 5.74 1.54 5.75 2.97 2.92 1.8 6.66 0.3 8.36 1.95 3.29 5.33 1.56 2.45 5.76 5.3 8.25 4.55 8.12 7.71 5.02 3.33 5.77 0.31 2.84 5 4.66 0.6 4.66 6.14 1.75 1.36 7.18 5.14 6.13 7.76 5.9 6.8 0.05 4.36 2.4 2.05 2.75 6.45 5.05 4.14 6.97 8.07 9.24 9.81 8.79 1.43 9.01 9.73 4.34 6.88 0.83 5.24 4.25 2.47 4.87 1.89 6.73 6.28 0.6 1.63 5.74 3.61 0.66 1.22 4.46 8.18
char 89 o q b f s p o i m g h k j m b c g j k r g d s q c g q f p s m a n c p b c j g c b p o r o f k p f q e f s b t o p b h p k m n g p p o t t o f h h k o e r j h t f b f p i b s h t
int 91 85 50 85 68 98 94 18 52 64 25 78 62 80 64 59 83 79 31 94 13 84 89 26 20 34 97 17 76 37 80 35 57 32 37 84 36 7 12 89 84 4 38 52 93 66 90 6 61 93 55 27 85 39 34 57 37 96 82 53 96 68 59 2 26 46 4 9 97 66 85 30 23 91 13 80 69 75 9 25 88 96 31 54 12 74 87 67 32 15 19 16
int 92 3 58 26 91 67 27 49 62 35 44 66 69 88 81 52 20 35 4 56 82 3 77 36 44 53 55 46 10 2 92 45 42 31 26 60 83 64 7 72 64 25 90 30 45 93 99 18 99 33 26 79 45 7 89 15 20 25 48 64 19 38 11 30 35 26 81 76 6 32 25 43 80 47 5 65 26 38 7 24 74 97 71 47 4 3 29 26 8 1 57 91 94
int 93 98 93 62 37 22 80 16 31 59 62 95 52 10 22 96 36 45 28 93 15 92 84 33 53 79 55 58 69 94 89 46 87 36 61 5 8 45 76 91 91 44 73 49 10 87 53 68 1 63 11 60 9 65 62 94 48 52 49 97 79 50 65 28 87 2 33 73 55 5 88 73 94 53 97 99 92 98 44 10 76 15 11 7 19 81 28 26 22 72 6 53 89 5
char 94 a k c m j f r j t b m r q c b m n l i i p k f l s k e s a p i n h m r b l c o n t n a i s l t l f a e f m n s q t t h i n m e p b l k h e c r p h h c b i k f h m i d d k g a j d c l c o o
char 94 t i l e r d s k m n n h g a r t m p b g e f a g f r m m k s b q o e q b n q m l s s m q p f f j t e j b m e l j n o d a q b f r q h o o a n b b s s l s l m p s c d g q e b s r p r a o s d
int 95 63 71 47 6 4 47 20 9 37 68 91 31 8 51 99 52 5 35 73 65 49 63 39 97 25 70 29 85 21 43 97 48 59 46 62 98 74 86 73 1 29 27 27 72 32 52 18 65 40 1 23 70 68 33 53 61 75 10 4 62 21 7 42 86 80 61 87 30 98 11 81 74 20 45 34 15 85 6 49 70 24 8 76 70 19 13 92 87 1 29 1 15 94 12 40
bool 95 1 1 1 0 1 0 1 0 0 1 0 0 1 0 0 1 0 1 1 1 1 0 0 1 1 0 1 1 1 1 0 1 0 0 0 0 0 0 1 1 0 1 1 0 1 0 1 0 1 0 0 0 1 1 0 0 1 0 1 0 1 0 1 0 0 1 1 0 1 1 0 1 0 1 1 1 0 0 1 0 1 1 0 0 0 1 1 1 0 1 0 1 0 1 0
bool 97 0 0 0 0 1 0 0 1 0 0 1 0 1 1 1 1 0 1 0 0 1 1 1 0 1 0 1 1 0 1 0 0 1 1 0 1 1 1 0 0 1 1 1 1 0 0 1 1 0 0 1 0 0 0 1 0 1 0 1 1 0 1 0 0 0 0 1 1 1 0 1 0 1 0 1 0 0 0 1 1 0 1 1 1 0 0 1 1 0 1 1 0 1 0 0 1 1
int 98 94 55 61 67 50 59 95 46 97 19 2 93 62 48 30 19 40 25 48 32 5 81 13 36 9 19 54 15 52 83 11 62 84 42 96 76 81 79 72 72 30 51 70 48 11 88 47 64 72 11 83 93 99 47 88 60 40 93 55 83 69 9 13 57 63 77 82 1 42 73 72 87 97 71 80 17 32 32 89 30 35 99 27 45 88 82 75 37 43 64 34 38 89 26 36 66 66 44
int 99 91 38 80 86 54 65 38 45 88 13 76 53 58 4 7 62 54 35 61 97 11 45 98 45 93 6 6 20 25 3 89 7 53 3 70 1 68 33 25 76 80 68 90 48 77 47 12 34 60 4 73 11 34 53 7 80 36 3 13 60 64 13 56 55 40 13 6 97 84 52 74 50 61 62 88 49 54 83 11 5 51 10 52 97 11 65 6 67 33 13 65 91 52 86 59 13 34 43 91
char 100 d o p e q a q d m f b s l g p g o o h d q j r t k h i g i o f c f e g k c r i e p f l d n t r r f p a g r d l o l h i e i q n b m n l s s t o t j c q i f q q b i h o r p t o c q n q t o e g j j c k q
int 100 94 51 23 6 52 88 84 77 34 49 22 21 87 57 16 61 65 87 99 91 12 84 48 51 53 50 44 23 84 44 20 78 58 16 65 16 63 7 23 6 93 77 65 98 52 4 52 71 14 64 70 1 3 23 31 67 18 49 67 82 28 8 37 43 44 63 92 40 99 88 57 57 16 33 94 14 37 18 92 24 91 88 89 43 47 12 38 56 30 69 59 18 70 32 30 84 64 24 3 15
double 101 0.68 5.59 0.87 4.33 8.74 2.1 0.84 2.93 1.56 8.85 9.33 2.03 6.03 5.65 0.98 4.53 9.87 3.29 0.15 9.29 9.95 2.03 8.79 6.73 5.82 7.68 9.77 1.82 8.93 9.42 6.33 1.43 1.06 9.26 3.73 7.64 7.05 2.26 5.16 1.9 4.45 1.95 2.54 9.03 2.44 5.93 8.78 0.4 4 8.8 3.82 5.58 3.42 3.48 6.12 1.05 3.91 6.36 8.34 6.5 2.97 4.34 2.49 1.83 2.59 6.99 4.56 4.49 3.49 2.17 3.72 7.78 6.22 1.25 1.46 3.45 3.75 5.32 7.49 9.76 8.1 4.45 2.5 7.41 3.6 3.71 8.52 4.67 6.9 7.58 0.83 0.91 6.64 4.1 9.46 4.32 2.9 5.17 7.17 3.79 5.72
int 102 57 69 83 26 69 9 99 1 12 48 74 62 82 88 49 19 91 51 83 7 55 47 32 95 58 63 16 32 34 9 40 2 78 60 68 73 47 3 32 51 60 95 80 49 11 25 64 28 81 24 41 12 57 52 62 87 50 1 50 93 63 2 7 42 13 30 10 76 49 76 83 2 10 24 62 89 47 48 94 59 43 89 79 64 24 62 63 16 17 10 71 36 92 71 58 88 23 84 72 38 58 88
int 102 97 14 64 48 62 29 23 47 4 25 63 94 62 12 73 94 92 94 61 31 88 81 31 13 67 19 86 67 68 99 26 79 33 56 1 78 66 16 36 25 16 59 67 23 10 32 54 36 51 72 17 62 38 32 82 76 94 30 75 72 72 44 87 40 87 2 30 37 99 93 78 1 13 95 46 33 60 78 58 12 14 21 83 77 16 22 50 62 99 28 18 62 65 7 71 67 45 91 51 1 91 93
int 103 36 72 11 6 41 79 97 36 77 36 9 20 39 15 73 53 49 60 97 4 52 16 55 24 46 51 36 12 96 2 88 20 6 47 50 65 69 93 57 49 55 65 83 47 93 52 18 34 71 67 89 11 61 59 98 63 68 20 49 90 22 55 47 86 96 37 88 31 94 80 3 59 97 31 32 40 89 23 58 41 89 42 23 35 16 25 99 39 60 11 36 13 28 52 34 86 96 53 81 51 33 17 6
char 103 k f p c m k n j o d n q j k a e k n g e s c a j r s b c o r t l m d q k f g f k t q c e j g g h e s a i t s s e o b g l j e e r n o t s b i b c a m s b d o l r f p b d l q s o o d c a j o l l d g c p i t e
bool 106 1 0 0 1 1 0 1 0 0 0 0 0 1 1 0 0 0 1 0 0 1 1 0 1 1 0 1 1 0 0 0 0 0 0 0 1 0 0 0 1 0 1 0 1 1 0 1 1 0 1 1 1 0 0 1 1 0 0 1 0 0 1 0 1 0 0 0 0 0 1 0 1 1 0 1 1 0 1 1 0 1 0 1 0 0 0 0 0 0 1 0 0 1 0 1 1 1 1 0 1 0 1 1 1 0 0
double 107 9.97 4.3 8.64 9.03 3.05 3.36 2.7 6.68 5.84 9.54 8.93 3.43 5.13 9.99 3.56 5.55 1.71 8.93 8.34 0.03 7.58 1.61 4.73 7.24 9.32 8.24 5.26 2.75 6.75 5.76 6.11 5.18 3.45 7.07 0.24 1.3 0.98 4.37 5.73 2.56 4.18 1.43 6.32 5 2.99 5.76 4.69 0.6 7.4 8.04 7.87 0.72 9.07 2.97 3.3 9.27 9.88 3.02 0.1 3.3 0.71 8.39 9.12 4.44 6.29 1.06 3.69 4.49 5.06 0.94 8.93 2.12 1.26 7.63 6.35 0.4 0.03 2.07 8.01 2.5 2.57 8.26 8.79 8.9 7.35 9.93 7.26 1.41 6.46 4.59 0.56 8.89 2.29 1.03 4.71 2.99 0.57 6.28 0.24 7.74 4.62 6.89 2.32 7.62 5.25 6.78 4.66
double 108 2.81 8.39 7.82 6.98 7.23 4.61 1.65 5.17 2.83 8.66 8.05 6.75 9.4 7.5 1.99 2.96 4.67 0.15 7.41 1.08 0.59 3.16 6.56 4.47 9.59 0.74 3.7 7.13 7.02 3.95 8.77 6.45 9.89 6.88 1.47 0.71 0.58 9.18 1.61 6.23 0.58 2.62 3.18 1.87 9.01 3.47 2.73 6.95 3.97 5.23 0.35 7.12 8.78 2.76 4.63 3.12 6.4 7.52 2.9 3.28 4.45 0.07 5.43 1.38 5.49 0.84 8.97 2.47 2.91 6.86 9 2.07 9.41 8.78 9.03 8.12 8.45 8.16 3.7 3.91 1.73 7.83 1.64 7.32 9.19 9.57 0.14 3.77 2.31 2.55 4.67 2.37 9.99 4.65 2.46 1.64 6.98 0.81 3.2 0.64 9.76 3.96 1.49 2.98 6.96 1.12 8.25 8.93
double 108 2.09 1.55 8.23 6.25 0.52 8.01 2.85 4.63 0.58 9.99 7.83 1.69 8.79 0.55 0.69 3.28 7.71 1.89 7.57 7.41 4.69 1.43 9.74 6.87 3.56 5.63 2.61 4.53 8.92 8.64 2.06 2.87 6.42 1.1 3.79 9.67 2.85 3.95 1.95 5.24 4.73 1.84 4.82 3.47 3.93 2.57 8.68 2.76 3.01 0.91 6.59 2.37 3.94 0.13 9.79 1.08 5.51 8.88 6.88 7.71 9.81 1.96 9.62 5.91 0.24 3.68 4.14 9.65 7.67 5.55 6.24 0.07 4.72 5.54 5.93 2.83 8.87 3.13 6.64 5.87 0.63 3.54 3.82 2.99 2.43 3.37 0.91 8.28 9.88 9.76 7.05 8.55 4.1 9.38 4.36 5.98 2.83 0.37 3.34 5.8 7.23 0.48 7.33 7.56 7.86 2.51 5.05 2.63
char 109 o e n q c i i g o o d i e p n a o l b j g s n g m d s f o f p a d s m c g i g j a d r l o t c n j q n r c d n n n q e p l r m a p i n c s i c a s d l s n m t j d g l b o p d q j c m h c g p m d o i b i s c i k a t t s
